9.040000000000000568e+01 6.285655015039933957e+00 9.599999999999999645e+00 9.371434498496006427e+01
8.879999999999999716e+01 5.977057758100221996e+00 1.120000000000000107e+01 9.402294224189977001e+01
8.875000000000000000e+01 5.815815815815815526e+00 1.125000000000000000e+01 9.418418418418418980e+01
9.116279069767442422e+01 5.705675539929683460e+00 8.837209302325581106e+00 9.429432446007031388e+01
8.926829268292682684e+01 6.102948731120928727e+00 1.073170731707317138e+01 9.389705126887906772e+01
9.017857142857143060e+01 5.997405448558028596e+00 9.821428571428571175e+00 9.400259455144197318e+01
9.282511210762332610e+01 5.871652349671551363e+00 7.174887892376681897e+00 9.412834765032845041e+01
8.924302788844620693e+01 5.746158703430856107e+00 1.075697211155378419e+01 9.425384129656913501e+01
9.012345679012345556e+01 5.796350062214848720e+00 9.876543209876542662e+00 9.420364993778514417e+01
8.736059479553904339e+01 5.923092826131899358e+00 1.263940520446096549e+01 9.407690717386809354e+01
8.923076923076924061e+01 5.849197064766563869e+00 1.076923076923077005e+01 9.415080293523342903e+01
9.146919431279620483e+01 5.977172607128554027e+00 8.530805687203791621e+00 9.402282739287144864e+01
8.704453441295547123e+01 5.870129870129869865e+00 1.295546558704453410e+01 9.412987012987012747e+01
9.399141630901287670e+01 6.226533166458072088e+00 6.008583690987124193e+00 9.377346683354193146e+01
8.847736625514403386e+01 6.128473989616206374e+00 1.152263374485596792e+01 9.387152601038378918e+01
8.539325842696628399e+01 5.730279898218829437e+00 1.460674157303370713e+01 9.426972010178117500e+01
9.137254901960784537e+01 5.934688100293195490e+00 8.627450980392156410e+00 9.406531189970679918e+01
8.808664259927797957e+01 5.873776296604874325e+00 1.191335740072202221e+01 9.412622370339512656e+01
9.261083743842364413e+01 5.884130982367757667e+00 7.389162561576354982e+00 9.411586901763223523e+01
8.888888888888888573e+01 6.248731994319333793e+00 1.111111111111111072e+01 9.375126800568067154e+01
8.343558282208589105e+01 6.244947453516572544e+00 1.656441717791410895e+01 9.375505254648342657e+01
8.577235772357722965e+01 6.147749212478406555e+00 1.422764227642276325e+01 9.385225078752159789e+01
8.470948012232415181e+01 5.632530120481927582e+00 1.529051987767583931e+01 9.436746987951806886e+01
9.241706161137440745e+01 5.901671974522292530e+00 7.582938388625592552e+00 9.409832802547771280e+01
9.070796460176990195e+01 5.920663114268798211e+00 9.292035398230089172e+00 9.407933688573120889e+01
8.640000000000000568e+01 5.785863405905159240e+00 1.360000000000000142e+01 9.421413659409483898e+01
9.433962264150943611e+01 5.805723663965534520e+00 5.660377358490566557e+00 9.419427633603446282e+01
9.162561576354679005e+01 6.188634335019338906e+00 8.374384236453201069e+00 9.381136566498065577e+01
9.227272727272726627e+01 6.058453419930992290e+00 7.727272727272726627e+00 9.394154658006901570e+01
9.078341013824883987e+01 5.859049207673060700e+00 9.216589861751153023e+00 9.414095079232693308e+01
9.473684210526315042e+01 5.915465139245505988e+00 5.263157894736841591e+00 9.408453486075450201e+01
9.276018099547511042e+01 5.596057090050313043e+00 7.239819004524887802e+00 9.440394290994969140e+01
9.177489177489177052e+01 6.095966200583442074e+00 8.225108225108225923e+00 9.390403379941655260e+01
8.609022556390976888e+01 6.111111111111110716e+00 1.390977443609022401e+01 9.388888888888888573e+01
9.282700421940927527e+01 6.186168660636124805e+00 7.172995780590716741e+00 9.381383133936387253e+01
8.269230769230769340e+01 5.365365365365365236e+00 1.730769230769230660e+01 9.463463463463463654e+01
8.785714285714286120e+01 5.675085749922045508e+00 1.214285714285714235e+01 9.432491425007795272e+01
9.043824701195218552e+01 5.594049317301813318e+00 9.561752988047809154e+00 9.440595068269817602e+01
9.041095890410957736e+01 5.819832834588793524e+00 9.589041095890410205e+00 9.418016716541120559e+01
9.134199134199134562e+01 5.935085007727975537e+00 8.658008658008657932e+00 9.406491499227202269e+01
8.435582822085889632e+01 5.499062098923881869e+00 1.564417177914110546e+01 9.450093790107612790e+01
9.061371841155234108e+01 6.048510899600859858e+00 9.386281588447653590e+00 9.395148910039914369e+01
9.414414414414414978e+01 5.677300988686169170e+00 5.855855855855855552e+00 9.432269901131382994e+01
8.860759493670884979e+01 6.271705822267620078e+00 1.139240506329113956e+01 9.372829417773237992e+01
9.041095890410957736e+01 6.055398301657906046e+00 9.589041095890410205e+00 9.394460169834208330e+01
9.289099526066351586e+01 5.738522954091815897e+00 7.109004739336493017e+00 9.426147704590817966e+01
8.671586715867158546e+01 5.758637956935403146e+00 1.328413284132841454e+01 9.424136204306459774e+01
9.078341013824883987e+01 5.671000102364622819e+00 9.216589861751153023e+00 9.432899989763538429e+01
8.793103448275861922e+01 5.772341285887586437e+00 1.206896551724137900e+01 9.422765871411242244e+01
8.837209302325581461e+01 6.490872210953346766e+00 1.162790697674418539e+01 9.350912778904665856e+01
8.807017543859649322e+01 6.109324758842443970e+00 1.192982456140350855e+01 9.389067524115756669e+01
9.458128078817733808e+01 5.749216934424572933e+00 5.418719211822660142e+00 9.425078306557543328e+01
8.594377510040160928e+01 5.881166145465550166e+00 1.405622489959839427e+01 9.411883385453444362e+01
8.641509433962264097e+01 5.856353591160220695e+00 1.358490566037735903e+01 9.414364640883977131e+01
9.030837004405286450e+01 5.985159148603788282e+00 9.691629955947137276e+00 9.401484085139621527e+01
9.218106995884774335e+01 6.184814351272423849e+00 7.818930041152263755e+00 9.381518564872757793e+01
9.134199134199134562e+01 5.906067325136061363e+00 8.658008658008657932e+00 9.409393267486393597e+01
8.778280542986425417e+01 5.993185007015433996e+00 1.221719457013574583e+01 9.400681499298457311e+01
9.111111111111111427e+01 6.081685382092815395e+00 8.888888888888889284e+00 9.391831461790718549e+01
8.858447488584474172e+01 6.236302052201633472e+00 1.141552511415525117e+01 9.376369794779836297e+01
8.908296943231441389e+01 5.936298195444235759e+00 1.091703056768558966e+01 9.406370180455576246e+01
8.852459016393441971e+01 5.876997774630790872e+00 1.147540983606557319e+01 9.412300222536920558e+01
8.821292775665399688e+01 5.781057810578105638e+00 1.178707224334600667e+01 9.421894218942189525e+01
8.712121212121212466e+01 6.190427385466843901e+00 1.287878787878787890e+01 9.380957261453315255e+01
9.409090909090909349e+01 5.820910658148260808e+00 5.909090909090909172e+00 9.417908934185173564e+01
8.842975206611571082e+01 6.186094069529652906e+00 1.157024793388429806e+01 9.381390593047034088e+01
9.389671361502347224e+01 5.652454780361757081e+00 6.103286384976525980e+00 9.434754521963823493e+01
9.074074074074074758e+01 5.699373695198330481e+00 9.259259259259259522e+00 9.430062630480166774e+01
9.108527131782945219e+01 5.891488921101677434e+00 8.914728682170542484e+00 9.410851107889833145e+01
9.439252336448598157e+01 6.163762715278477522e+00 5.607476635514018426e+00 9.383623728472151981e+01
9.439252336448598157e+01 6.115248921991375930e+00 5.607476635514018426e+00 9.388475107800861963e+01
9.077669902912622035e+01 6.128242780225159336e+00 9.223300970873786753e+00 9.387175721977484955e+01
8.515625000000000000e+01 6.017017828200972751e+00 1.484375000000000000e+01 9.398298217179902281e+01
8.646616541353382956e+01 5.731245522464435638e+00 1.353383458646616511e+01 9.426875447753556614e+01
9.241706161137440745e+01 6.067835286795975946e+00 7.582938388625592552e+00 9.393216471320403116e+01
9.035087719298246611e+01 5.876904075751338219e+00 9.649122807017542769e+00 9.412309592424865912e+01
8.656126482213439033e+01 6.165824915824915209e+00 1.343873517786561322e+01 9.383417508417508657e+01
9.320388349514563231e+01 6.176383252499257459e+00 6.796116504854368578e+00 9.382361674750073632e+01
8.669064748201439841e+01 5.718840290923582259e+00 1.330935251798561225e+01 9.428115970907640531e+01
8.904761904761903679e+01 5.811502559470039131e+00 1.095238095238095255e+01 9.418849744052995732e+01
8.704453441295547123e+01 6.239635157545605715e+00 1.295546558704453410e+01 9.376036484245439340e+01
8.723404255319150025e+01 5.888639521214064310e+00 1.276595744680851041e+01 9.411136047878592592e+01
8.977777777777777146e+01 5.797697368421053099e+00 1.022222222222222321e+01 9.420230263157894512e+01
8.655737704918033160e+01 6.224920259285934954e+00 1.344262295081967196e+01 9.377507974071406238e+01
9.080882352941176805e+01 6.445210487830356882e+00 9.191176470588235503e+00 9.355478951216964845e+01
9.071428571428570820e+01 5.876235049401976163e+00 9.285714285714286476e+00 9.412376495059801584e+01
8.931623931623931867e+01 6.032505733373217716e+00 1.068376068376068311e+01 9.396749426662678673e+01
9.030837004405286450e+01 5.899023827017948918e+00 9.691629955947137276e+00 9.410097617298205819e+01
8.927038626609441963e+01 6.293636544983044701e+00 1.072961373390558037e+01 9.370636345501695530e+01
8.995633187772925510e+01 6.305569749616759978e+00 1.004366812227074135e+01 9.369443025038324890e+01
9.190476190476189799e+01 6.180649175567769049e+00 8.095238095238094900e+00 9.381935082443223450e+01
9.138755980861243700e+01 6.549455068887517939e+00 8.612440191387559452e+00 9.345054493111247496e+01
9.136363636363637397e+01 6.021991573322371671e+00 8.636363636363636687e+00 9.397800842667763277e+01
8.693877551020408134e+01 6.072995612285600586e+00 1.306122448979591866e+01 9.392700438771439053e+01
8.744588744588745044e+01 6.357919952091027227e+00 1.255411255411255311e+01 9.364208004790897633e+01
8.912133891213389347e+01 5.845306042117693224e+00 1.087866108786611008e+01 9.415469395788230145e+01
8.565217391304348382e+01 6.015799068260077043e+00 1.434782608695652151e+01 9.398420093173992029e+01
9.310344827586206407e+01 5.971802618328298173e+00 6.896551724137930606e+00 9.402819738167170271e+01
8.927038626609441963e+01 6.052788251637229777e+00 1.072961373390558037e+01 9.394721174836277555e+01
9.208333333333332860e+01 6.014729950900163047e+00 7.916666666666666075e+00 9.398527004909983873e+01
8.408304498269896499e+01 5.965909090909090828e+00 1.591695501730103857e+01 9.403409090909090651e+01
8.846153846153845279e+01 5.908766200632717513e+00 1.153846153846153832e+01 9.409123379936727360e+01
9.245283018867924341e+01 5.953134895503483293e+00 7.547169811320754818e+00 9.404686510449651848e+01
8.658536585365853000e+01 5.752349478467417399e+00 1.341463414634146467e+01 9.424765052153257727e+01
8.846153846153845279e+01 6.157857787583993492e+00 1.153846153846153832e+01 9.384214221241600740e+01
9.139344262295081478e+01 6.370265343325906215e+00 8.606557377049179891e+00 9.362973465667408846e+01
9.166666666666665719e+01 5.648775403856174826e+00 8.333333333333332149e+00 9.435122459614382251e+01
9.257641921397380713e+01 6.002883031301482930e+00 7.423580786026201750e+00 9.399711696869850641e+01
9.458128078817733808e+01 5.757130872483221751e+00 5.418719211822660142e+00 9.424286912751678358e+01
9.134199134199134562e+01 5.752257279091001152e+00 8.658008658008657932e+00 9.424774272090900240e+01
8.727272727272726627e+01 5.863756883540689024e+00 1.272727272727272663e+01 9.413624311645931186e+01
9.030837004405286450e+01 5.937531184512523375e+00 9.691629955947137276e+00 9.406246881548747751e+01
9.133858267716536261e+01 6.183151675664663394e+00 8.661417322834646271e+00 9.381684832433533927e+01
8.669354838709676869e+01 6.039167435660822036e+00 1.330645161290322420e+01 9.396083256433918507e+01
9.234234234234234862e+01 6.175134242048740063e+00 7.657657657657656713e+00 9.382486575795125816e+01
8.880308880308879793e+01 6.096486936099422493e+00 1.119691119691119674e+01 9.390351306390057573e+01
8.408304498269896499e+01 6.301313628899836594e+00 1.591695501730103857e+01 9.369868637110016607e+01
8.777777777777777146e+01 5.761067313523347444e+00 1.222222222222222143e+01 9.423893268647664456e+01
8.927203065134099802e+01 6.505576208178438513e+00 1.072796934865900376e+01 9.349442379182156060e+01
9.570815450643776501e+01 5.782763895971443802e+00 4.291845493562231439e+00 9.421723610402855797e+01
9.053497942386830744e+01 6.316612887454777336e+00 9.465020576131687235e+00 9.368338711254521911e+01
8.942307692307693401e+01 5.549434037864369174e+00 1.057692307692307665e+01 9.445056596213564148e+01
9.018691588785047486e+01 6.054469980763389714e+00 9.813084112149532245e+00 9.394553001923661384e+01
9.253731343283581623e+01 5.814316974054391629e+00 7.462686567164178442e+00 9.418568302594560748e+01
9.184549356223176630e+01 6.018043879434078036e+00 8.154506437768240801e+00 9.398195612056592552e+01
9.063829787234041646e+01 5.782582820868874762e+00 9.361702127659574657e+00 9.421741717913111813e+01
9.022222222222222854e+01 5.890105433901053900e+00 9.777777777777778567e+00 9.410989456609894432e+01
9.291666666666667140e+01 6.062782109150594678e+00 7.083333333333333037e+00 9.393721789084939644e+01
8.914728682170543550e+01 6.009137862534763563e+00 1.085271317829457338e+01 9.399086213746524265e+01
9.013452914798206450e+01 6.019245875883739494e+00 9.865470852017937275e+00 9.398075412411625962e+01
9.710144927536231307e+01 6.289001560062403406e+00 2.898550724637681153e+00 9.371099843993759748e+01
9.078947368421053454e+01 5.961206458819945375e+00 9.210526315789472562e+00 9.403879354118005551e+01
8.879668049792530837e+01 6.125744272883236974e+00 1.120331950207468985e+01 9.387425572711676125e+01
9.215686274509803866e+01 6.060606060606060552e+00 7.843137254901960453e+00 9.393939393939393767e+01
8.710937500000000000e+01 5.839488919944100687e+00 1.289062500000000000e+01 9.416051108005589754e+01
8.636363636363635976e+01 6.024096385542168974e+00 1.363636363636363491e+01 9.397590361445783458e+01
8.947368421052631504e+01 6.111224281931146862e+00 1.052631578947368318e+01 9.388877571806885669e+01
9.021276595744680549e+01 6.053700584563558529e+00 9.787234042553190960e+00 9.394629941543644236e+01
8.925619834710744271e+01 5.725419664268584619e+00 1.074380165289256261e+01 9.427458033573141449e+01
8.847736625514403386e+01 6.110207401382675485e+00 1.152263374485596792e+01 9.388979259861733340e+01
9.330143540669855895e+01 6.020558002936858166e+00 6.698564593301435721e+00 9.397944199706313384e+01
8.690909090909090651e+01 6.027899399246512857e+00 1.309090909090909172e+01 9.397210060075347826e+01
9.516908212560386460e+01 5.960784313725490335e+00 4.830917874396135403e+00 9.403921568627451677e+01
9.004524886877828749e+01 5.899526829759387248e+00 9.954751131221719618e+00 9.410047317024061897e+01
8.636363636363635976e+01 5.638676844783715225e+00 1.363636363636363491e+01 9.436132315521628300e+01
8.949579831932773288e+01 6.098929117797042387e+00 1.050420168067226889e+01 9.390107088220295850e+01
8.447653429602888764e+01 5.962587685113016178e+00 1.552346570397112124e+01 9.403741231488697849e+01
8.910505836575876515e+01 6.148804934464147998e+00 1.089494163424124551e+01 9.385119506553584756e+01
8.697183098591548855e+01 6.062461726883037194e+00 1.302816901408450612e+01 9.393753827311695659e+01
9.055793991416308586e+01 5.867294695883678024e+00 9.442060085836910588e+00 9.413270530411632819e+01
9.100719424460432094e+01 6.267272009474930350e+00 8.992805755395682610e+00 9.373272799052506343e+01
9.020408163265307167e+01 5.918594081405919027e+00 9.795918367346938993e+00 9.408140591859408630e+01
9.460784313725490335e+01 5.769428190124217259e+00 5.392156862745098422e+00 9.423057180987578363e+01
9.124423963133641280e+01 6.038398018166804881e+00 8.755760368663594306e+00 9.396160198183319778e+01
8.613445378151260456e+01 6.023973994311255353e+00 1.386554621848739544e+01 9.397602600568873754e+01
9.121338912133892052e+01 6.316316316316315849e+00 8.786610878661086588e+00 9.368368368368368237e+01
8.843283582089553363e+01 6.148353827846092301e+00 1.156716417910447703e+01 9.385164617215390592e+01
9.170731707317074211e+01 6.178962595577599082e+00 8.292682926829268553e+00 9.382103740442239825e+01
9.079497907949790658e+01 6.307942272770715064e+00 9.205020920502091641e+00 9.369205772722928316e+01
8.879668049792530837e+01 6.264614185502727750e+00 1.120331950207468985e+01 9.373538581449727758e+01
8.641509433962264097e+01 6.397238017871649696e+00 1.358490566037735903e+01 9.360276198212834231e+01
9.271844660194174992e+01 5.815748841996912333e+00 7.281553398058251858e+00 9.418425115800307879e+01
9.017094017094017033e+01 5.901365863830674741e+00 9.829059829059829667e+00 9.409863413616932348e+01
9.288888888888888573e+01 5.825729469567832552e+00 7.111111111111110716e+00 9.417427053043216745e+01
8.979591836734694255e+01 6.024336724516257568e+00 1.020408163265306101e+01 9.397566327548373977e+01
9.047619047619048160e+01 5.622572071151093809e+00 9.523809523809523725e+00 9.437742792884891685e+01
9.267241379310344485e+01 6.299049979347376649e+00 7.327586206896550713e+00 9.370095002065261269e+01
8.867924528301887221e+01 6.213813068651777627e+00 1.132075471698113311e+01 9.378618693134822593e+01
9.521531100478468090e+01 6.177412895474569510e+00 4.784688995215311103e+00 9.382258710452543937e+01
8.779527559055118502e+01 5.976414151509095163e+00 1.220472440944881853e+01 9.402358584849091017e+01
9.200000000000000000e+01 6.326227069905800526e+00 8.000000000000000000e+00 9.367377293009420214e+01
9.330143540669855895e+01 5.749254345366656693e+00 6.698564593301435721e+00 9.425074565463333442e+01
8.739130434782607892e+01 5.899765234255384350e+00 1.260869565217391219e+01 9.410023476574461654e+01
9.077490774907749937e+01 5.816621769929162689e+00 9.225092250922509507e+00 9.418337823007082932e+01
9.163498098859315633e+01 5.940489958994848330e+00 8.365019011406843674e+00 9.405951004100515433e+01
9.023255813953487348e+01 6.166617254669434445e+00 9.767441860465115866e+00 9.383338274533056733e+01
9.353233830845771024e+01 6.104651162790696972e+00 6.467661691542287983e+00 9.389534883720929770e+01
9.339622641509434686e+01 6.073774633653360233e+00 6.603773584905660243e+00 9.392622536634664243e+01
8.897959183673469852e+01 6.137770112610327011e+00 1.102040816326530681e+01 9.386222988738967388e+01
9.212962962962963331e+01 6.042444488111613055e+00 7.870370370370370239e+00 9.395755551188838695e+01
8.884120171673819755e+01 5.900060204695966704e+00 1.115879828326180245e+01 9.409993979530403863e+01
9.041095890410957736e+01 5.792094299359821008e+00 9.589041095890410205e+00 9.420790570064018254e+01
9.047619047619048160e+01 6.313993174061432789e+00 9.523809523809523725e+00 9.368600682593856277e+01
8.883495145631069079e+01 6.082700759089092912e+00 1.116504854368932165e+01 9.391729924091090709e+01
9.102564102564102200e+01 6.042544445586270463e+00 8.974358974358974450e+00 9.395745555441372687e+01
9.234449760765551218e+01 5.795241386119063698e+00 7.655502392344497586e+00 9.420475861388094074e+01
9.148936170212765262e+01 5.970149253731342753e+00 8.510638297872340274e+00 9.402985074626866435e+01
8.875502008032128742e+01 6.156063413629812686e+00 1.124497991967871435e+01 9.384393658637019087e+01
8.846153846153845279e+01 5.969551282051281937e+00 1.153846153846153832e+01 9.403044871794872961e+01
8.739130434782607892e+01 6.044399596367306060e+00 1.260869565217391219e+01 9.395560040363270105e+01
8.987341772151899022e+01 6.280544868462098584e+00 1.012658227848101333e+01 9.371945513153789875e+01
8.973214285714286120e+01 5.743785084202084334e+00 1.026785714285714235e+01 9.425621491579792632e+01
8.745247148288973449e+01 5.626572722697534168e+00 1.254752851711026551e+01 9.437342727730246850e+01
9.012345679012345556e+01 6.174852251885062593e+00 9.876543209876542662e+00 9.382514774811492941e+01
8.664122137404581281e+01 6.460812272593175365e+00 1.335877862595419785e+01 9.353918772740682641e+01
9.324894514767933629e+01 6.234467855213398302e+00 6.751054852320674371e+00 9.376553214478660436e+01
8.764478764478764106e+01 5.974000198471767220e+00 1.235521235521235539e+01 9.402599980152824344e+01
8.720930232558139039e+01 5.906463478717814297e+00 1.279069767441860606e+01 9.409353652128218926e+01
9.333333333333332860e+01 5.631910716131032224e+00 6.666666666666666963e+00 9.436808928386896866e+01
8.816793893129771220e+01 6.003519304419832281e+00 1.183206106870228957e+01 9.399648069558016061e+01
8.943089430894308123e+01 5.723172628304821430e+00 1.056910569105691167e+01 9.427682737169517679e+01
8.844444444444444287e+01 6.439806113364328510e+00 1.155555555555555536e+01 9.356019388663567327e+01
9.058823529411765207e+01 6.108306108306107873e+00 9.411764705882353255e+00 9.389169389169389035e+01
8.971962616822429482e+01 6.035179943388596868e+00 1.028037383177569986e+01 9.396482005661140136e+01
9.115044247787609777e+01 5.936729663105998256e+00 8.849557522123893349e+00 9.406327033689400707e+01
9.000000000000000000e+01 6.228235996418266751e+00 1.000000000000000000e+01 9.377176400358173680e+01
9.030837004405286450e+01 6.270315612876166789e+00 9.691629955947137276e+00 9.372968438712383943e+01
8.637992831541218663e+01 5.905019787544261156e+00 1.362007168458781514e+01 9.409498021245573796e+01
9.082969432314411051e+01 6.647692620451310930e+00 9.170305676855896593e+00 9.335230737954869085e+01
9.278846153846154721e+01 6.037298493309450897e+00 7.211538461538460787e+00 9.396270150669054999e+01
8.498168498168497820e+01 6.295299233795817351e+00 1.501831501831501825e+01 9.370470076620418354e+01
9.302325581395348308e+01 6.433949349760438530e+00 6.976744186046511587e+00 9.356605065023956058e+01
9.339207048458149529e+01 6.017250126839168267e+00 6.607929515418502042e+00 9.398274987316082729e+01
8.846153846153845279e+01 6.245585712844314408e+00 1.153846153846153832e+01 9.375441428715568293e+01
8.509090909090909349e+01 5.745554035567715268e+00 1.490909090909090828e+01 9.425444596443229273e+01
9.279661016949151531e+01 5.837408312958435097e+00 7.203389830508474923e+00 9.416259168704156934e+01
9.082969432314411051e+01 5.496584340514976574e+00 9.170305676855896593e+00 9.450341565948502875e+01
9.102564102564102200e+01 5.827841845140032895e+00 8.974358974358974450e+00 9.417215815485995734e+01
9.177489177489177052e+01 6.117132138390996232e+00 8.225108225108225923e+00 9.388286786160900022e+01
8.959276018099548367e+01 5.861640430820215464e+00 1.040723981900452522e+01 9.413835956917978365e+01
9.037656903765690686e+01 5.803097814555484568e+00 9.623430962343096695e+00 9.419690218544451454e+01
9.025423728813559876e+01 6.156250000000000000e+00 9.745762711864406569e+00 9.384375000000000000e+01
9.292035398230088106e+01 6.432920840699273057e+00 7.079646017699115390e+00 9.356707915930073227e+01
8.823529411764705799e+01 5.925925925925926485e+00 1.176470588235294024e+01 9.407407407407407618e+01
8.608058608058608741e+01 5.830475257226849450e+00 1.391941391941391970e+01 9.416952474277314877e+01
9.120370370370370949e+01 6.190087701407301246e+00 8.796296296296295836e+00 9.380991229859270675e+01
8.823529411764705799e+01 5.633802816901408939e+00 1.176470588235294024e+01 9.436619718309859195e+01
8.939929328621907700e+01 5.889375248706724797e+00 1.060070671378091944e+01 9.411062475129327254e+01
9.071729957805906963e+01 5.888979926259729325e+00 9.282700421940928592e+00 9.411102007374026357e+01
9.353448275862068328e+01 5.994281770679286581e+00 6.465517241379310498e+00 9.400571822932070631e+01
8.971193415637860369e+01 6.065822784810126933e+00 1.028806584362139986e+01 9.393417721518987662e+01
9.190476190476189799e+01 6.441048034934497402e+00 8.095238095238094900e+00 9.355895196506550349e+01
8.877192982456139703e+01 6.381276255251050245e+00 1.122807017543859587e+01 9.361872374474896219e+01
9.016393442622950261e+01 5.866233634426063048e+00 9.836065573770492065e+00 9.413376636557393340e+01
8.949771689497715954e+01 5.822810182401283008e+00 1.050228310502282980e+01 9.417718981759871610e+01
8.641975308641974607e+01 5.729642024135483069e+00 1.358024691358024683e+01 9.427035797586451338e+01
9.383886255924170428e+01 6.319479218828242040e+00 6.161137440758293948e+00 9.368052078117176507e+01
8.966942148760330156e+01 6.123876123876123678e+00 1.033057851239669489e+01 9.387612387612387010e+01
8.622047244094488860e+01 5.972466618362488155e+00 1.377952755905511850e+01 9.402753338163751096e+01
8.789062500000000000e+01 5.799137152603591971e+00 1.210937500000000000e+01 9.420086284739640803e+01
8.960000000000000853e+01 6.204379562043795815e+00 1.040000000000000036e+01 9.379562043795620241e+01
8.734693877551021046e+01 6.081011084636900321e+00 1.265306122448979487e+01 9.391898891536310146e+01
8.755364806866953131e+01 5.973946672094443855e+00 1.244635193133047224e+01 9.402605332790555792e+01
9.319148936170212494e+01 6.093523691289054689e+00 6.808510638297872397e+00 9.390647630871094975e+01
8.730158730158730407e+01 6.244241989968267070e+00 1.269841269841269771e+01 9.375575801003172671e+01
9.068825910931174406e+01 5.656952707472017394e+00 9.311740890688259498e+00 9.434304729252798438e+01
9.068825910931174406e+01 6.002928257686676261e+00 9.311740890688259498e+00 9.399707174231332374e+01
9.036697247706422331e+01 6.107174932641452614e+00 9.633027522935780240e+00 9.389282506735854383e+01
9.173553719008265261e+01 5.751550138977977511e+00 8.264462809917356267e+00 9.424844986102202427e+01
9.058823529411765207e+01 6.297405189620758570e+00 9.411764705882353255e+00 9.370259481037923877e+01
8.759124087591241903e+01 6.079249217935349670e+00 1.240875912408759163e+01 9.392075078206465832e+01
9.279279279279279535e+01 6.088280060882800271e+00 7.207207207207207311e+00 9.391171993911720506e+01
9.045454545454545325e+01 5.977699772868056982e+00 9.545454545454546746e+00 9.402230022713193591e+01
8.659003831417624042e+01 5.533805946460692127e+00 1.340996168582375425e+01 9.446619405353931143e+01
9.200000000000000000e+01 6.118776244751050086e+00 8.000000000000000000e+00 9.388122375524895347e+01
8.967136150234740910e+01 6.115537848605577587e+00 1.032863849765258202e+01 9.388446215139441620e+01
9.217391304347826519e+01 6.053221561555707453e+00 7.826086956521740134e+00 9.394677843844428367e+01
8.876404494382022392e+01 6.082051282051281760e+00 1.123595505617977430e+01 9.391794871794871824e+01
8.978102189781021991e+01 6.267395113905783077e+00 1.021897810218978186e+01 9.373260488609422225e+01
9.207920792079208638e+01 5.974969721437222603e+00 7.920792079207920722e+00 9.402503027856278095e+01
8.666666666666667140e+01 6.023481368044921069e+00 1.333333333333333393e+01 9.397651863195507360e+01
8.623481781376518995e+01 5.793707361775786602e+00 1.376518218623481715e+01 9.420629263822421251e+01
9.181818181818182723e+01 6.110128031643593083e+00 8.181818181818181657e+00 9.388987196835640248e+01
9.363636363636364024e+01 5.802047781569966034e+00 6.363636363636363313e+00 9.419795221843003219e+01
8.442028985507246830e+01 5.656915706859646953e+00 1.557971014492753525e+01 9.434308429314035038e+01
8.818897637795275557e+01 6.082725060827250729e+00 1.181102362204724443e+01 9.391727493917274217e+01
9.049773755656109131e+01 5.730982161164650535e+00 9.502262443438914019e+00 9.426901783883533881e+01
9.013452914798206450e+01 6.281407035175878839e+00 9.865470852017937275e+00 9.371859296482412560e+01
9.078947368421053454e+01 6.179441473559120546e+00 9.210526315789472562e+00 9.382055852644087679e+01
8.857142857142856940e+01 5.510139080581803128e+00 1.142857142857142883e+01 9.448986091941820575e+01
9.336283185840707688e+01 6.050761421319796440e+00 6.637168141592921344e+00 9.394923857868020889e+01
9.115384615384614619e+01 6.152750940709854177e+00 8.846153846153846700e+00 9.384724905929014938e+01
8.980392156862745878e+01 5.758617098823283875e+00 1.019607843137254832e+01 9.424138290117672057e+01
8.583690987124464300e+01 6.160843498035973198e+00 1.416309012875536588e+01 9.383915650196402680e+01
8.978723404255319451e+01 6.209784495965682716e+00 1.021276595744680726e+01 9.379021550403430751e+01
9.266055045871559059e+01 6.202752471409187507e+00 7.339449541284404077e+00 9.379724752859081605e+01
8.771929824561402711e+01 5.992396958783513305e+00 1.228070175438596401e+01 9.400760304121649824e+01
9.027777777777778567e+01 6.081498250668861516e+00 9.722222222222223209e+00 9.391850174933114204e+01
9.011857707509881266e+01 6.174482899856645446e+00 9.881422924901185567e+00 9.382551710014335811e+01
9.130434782608695343e+01 6.265441249135289326e+00 8.695652173913043015e+00 9.373455875086470712e+01
9.145299145299145493e+01 6.370714935787239241e+00 8.547008547008546842e+00 9.362928506421276609e+01
9.107142857142856940e+01 6.223901372042154989e+00 8.928571428571428825e+00 9.377609862795785034e+01
8.410852713178294948e+01 5.828282828282828731e+00 1.589147286821705407e+01 9.417171717171717660e+01
8.587786259541985601e+01 5.932117011517683558e+00 1.412213740458015465e+01 9.406788298848232444e+01
8.700000000000000000e+01 5.759888965995836330e+00 1.300000000000000000e+01 9.424011103400415834e+01
8.949771689497715954e+01 6.004224077240269075e+00 1.050228310502282980e+01 9.399577592275973359e+01
9.276018099547511042e+01 5.832844000782932525e+00 7.239819004524887802e+00 9.416715599921707280e+01
9.045643153526971503e+01 5.338004946413850149e+00 9.543568464730290302e+00 9.466199505358613919e+01
8.551724137931034875e+01 5.789208270297528713e+00 1.448275862068965658e+01 9.421079172970246418e+01
8.649635036496350438e+01 5.978152929493544931e+00 1.350364963503649562e+01 9.402184707050645329e+01
8.593155893536122392e+01 5.834258605026748867e+00 1.406844106463878497e+01 9.416574139497325291e+01
9.147982062780269530e+01 5.789420038732036033e+00 8.520179372197308254e+00 9.421057996126795331e+01
8.548387096774193594e+01 6.062418984943663602e+00 1.451612903225806583e+01 9.393758101505633817e+01
8.544776119402985159e+01 6.366740309299055767e+00 1.455223880597015018e+01 9.363325969070093890e+01
9.257641921397380713e+01 5.799469062691444243e+00 7.423580786026201750e+00 9.420053093730855664e+01
8.466257668711656947e+01 6.007137192704202988e+00 1.533742331288343586e+01 9.399286280729579346e+01
8.985507246376810997e+01 5.792349726775956498e+00 1.014492753623188470e+01 9.420765027322404706e+01
8.669201520912547210e+01 6.468445407108398548e+00 1.330798479087452435e+01 9.353155459289159523e+01
9.396551724137931672e+01 5.575411007862759227e+00 6.034482758620689502e+00 9.442458899213723100e+01
8.781362007168458206e+01 5.864892528147390038e+00 1.218637992831541261e+01 9.413510747185260641e+01
8.730158730158730407e+01 5.946840417830179248e+00 1.269841269841269771e+01 9.405315958216982608e+01
9.095238095238094900e+01 5.642144638403989276e+00 9.047619047619047450e+00 9.435785536159600895e+01
9.181818181818182723e+01 5.930923371261705768e+00 8.181818181818181657e+00 9.406907662873828713e+01
8.421052631578946546e+01 6.348234333537456919e+00 1.578947368421052566e+01 9.365176566646253775e+01
8.893805309734513287e+01 5.679322246626922421e+00 1.106194690265486713e+01 9.432067775337309001e+01
8.352059925093632842e+01 6.263780316696733408e+00 1.647940074906366803e+01 9.373621968330326126e+01
8.705882352941176805e+01 5.927652244401661719e+00 1.294117647058823728e+01 9.407234775559834361e+01
8.995815899581589292e+01 6.052019026414330760e+00 1.004184100418409997e+01 9.394798097358567190e+01
9.063829787234041646e+01 5.769032656845575424e+00 9.361702127659574657e+00 9.423096734315443257e+01
8.664122137404581281e+01 5.817750074205995325e+00 1.335877862595419785e+01 9.418224992579399668e+01
9.177489177489177052e+01 6.334218550211467402e+00 8.225108225108225923e+00 9.366578144978852549e+01
8.844621513944223068e+01 5.854288838087665425e+00 1.155378486055776754e+01 9.414571116191233102e+01
9.145299145299145493e+01 6.148192292411601478e+00 8.547008547008546842e+00 9.385180770758839230e+01
8.976377952755905199e+01 5.725385952356609742e+00 1.023622047244094446e+01 9.427461404764339647e+01
8.812260536398467536e+01 5.632483081728266505e+00 1.187739463601532641e+01 9.436751691827173261e+01
8.754716981132075659e+01 5.977584059775840508e+00 1.245283018867924518e+01 9.402241594022416393e+01
8.669724770642201861e+01 6.454159676305142312e+00 1.330275229357798317e+01 9.354584032369486124e+01
8.968253968253968367e+01 6.355806355806355334e+00 1.031746031746031633e+01 9.364419364419363490e+01
8.801652892561982355e+01 6.080608060806080850e+00 1.198347107438016579e+01 9.391939193919391471e+01
8.613138686131385668e+01 5.843495934959349825e+00 1.386861313868613088e+01 9.415650406504065018e+01
8.909952606635070538e+01 6.096469418199900403e+00 1.090047393364928929e+01 9.390353058180009782e+01
8.796680497925311215e+01 6.190427385466843901e+00 1.203319502074688785e+01 9.380957261453315255e+01
9.135802469135802539e+01 6.164846845105807382e+00 8.641975308641974607e+00 9.383515315489418640e+01
9.000000000000000000e+01 5.934778205387887695e+00 1.000000000000000000e+01 9.406522179461211408e+01
8.796992481203007230e+01 5.847769028871391050e+00 1.203007518796992414e+01 9.415223097112861694e+01
9.019607843137255543e+01 6.109613656783468016e+00 9.803921568627451677e+00 9.389038634321653376e+01
8.650519031141868709e+01 6.311074918566775160e+00 1.349480968858131646e+01 9.368892508143322573e+01
9.026548672566370612e+01 5.909953079764400208e+00 9.734513274336283217e+00 9.409004692023560779e+01
9.166666666666665719e+01 5.907966353290450279e+00 8.333333333333332149e+00 9.409203364670955239e+01
8.437500000000000000e+01 6.104384983212940874e+00 1.562500000000000000e+01 9.389561501678706179e+01
8.962655601659751881e+01 6.121830487928073161e+00 1.037344398340249008e+01 9.387816951207193483e+01
9.121338912133892052e+01 6.326818456578682692e+00 8.786610878661086588e+00 9.367318154342130754e+01
9.155555555555555713e+01 5.476884631403581949e+00 8.444444444444444642e+00 9.452311536859642160e+01
8.875000000000000000e+01 6.126582278481012445e+00 1.125000000000000000e+01 9.387341772151899022e+01
8.705882352941176805e+01 6.259735202492211492e+00 1.294117647058823728e+01 9.374026479750779117e+01
8.780487804878049474e+01 6.175257731958763152e+00 1.219512195121951237e+01 9.382474226804123418e+01
9.122807017543858876e+01 6.371218972967540140e+00 8.771929824561402356e+00 9.362878102703245986e+01
8.816326530612245449e+01 6.628674265146970335e+00 1.183673469387755084e+01 9.337132573485303055e+01
9.083665338645417364e+01 6.243110532117446709e+00 9.163346613545817476e+00 9.375688946788255862e+01
8.978723404255319451e+01 5.977647903209269309e+00 1.021276595744680726e+01 9.402235209679072625e+01
8.836206896551723844e+01 5.470390592188156376e+00 1.163793103448275801e+01 9.452960940781184718e+01
8.711864406779660897e+01 5.984536600060247125e+00 1.288135593220338926e+01 9.401546339993976176e+01
8.291814946619217608e+01 5.698472891257559070e+00 1.708185053380783103e+01 9.430152710874244804e+01
8.812785388127853992e+01 5.844683878837162005e+00 1.187214611872146008e+01 9.415531612116284066e+01
9.151785714285713880e+01 6.411290322580645906e+00 8.482142857142857650e+00 9.358870967741935942e+01
8.917910447761194348e+01 6.039340776182880788e+00 1.082089552238805830e+01 9.396065922381711744e+01
9.162995594713656544e+01 5.931612002791347038e+00 8.370044052863436335e+00 9.406838799720866007e+01
8.290322580645160144e+01 6.291050903119868920e+00 1.709677419354838790e+01 9.370894909688013286e+01
8.841698841698841704e+01 6.075322101090187665e+00 1.158301158301158296e+01 9.392467789890982033e+01
8.854961832061069060e+01 6.097936556821681009e+00 1.145038167938931295e+01 9.390206344317832077e+01
9.400921658986175089e+01 5.948920265780730965e+00 5.990783410138248222e+00 9.405107973421927170e+01
9.308755760368663346e+01 6.028334147532975251e+00 6.912442396313364767e+00 9.397166585246702653e+01
9.036144578313253817e+01 6.127179280459538191e+00 9.638554216867470714e+00 9.387282071954045648e+01
9.047619047619048160e+01 5.879313907832196762e+00 9.523809523809523725e+00 9.412068609216780146e+01
8.530612244897959329e+01 5.941001130640353622e+00 1.469387755102041027e+01 9.405899886935964105e+01
8.931623931623931867e+01 5.918470055359838611e+00 1.068376068376068311e+01 9.408152994464016672e+01
9.111111111111111427e+01 6.121588873669791653e+00 8.888888888888889284e+00 9.387841112633020657e+01
9.327354260089686022e+01 6.078176547035889499e+00 6.726457399103138890e+00 9.392182345296411938e+01
8.774703557312253110e+01 5.684910795282733353e+00 1.225296442687747067e+01 9.431508920471726753e+01
9.118942731277532232e+01 5.913367104310968791e+00 8.810572687224670574e+00 9.408663289568902144e+01
8.207282913165265370e+01 6.330935251798560870e+00 1.792717086834733919e+01 9.366906474820143558e+01
8.849557522123893705e+01 5.962555962555962985e+00 1.150442477876106118e+01 9.403744403744404678e+01
9.090909090909090651e+01 5.583807973962571225e+00 9.090909090909091717e+00 9.441619202603742167e+01
8.846153846153845279e+01 6.319740312436600504e+00 1.153846153846153832e+01 9.368025968756340660e+01
8.710801393728222308e+01 6.177606177606177695e+00 1.289198606271776981e+01 9.382239382239382053e+01
9.115044247787609777e+01 6.082484422905745980e+00 8.849557522123893349e+00 9.391751557709426379e+01
8.844444444444444287e+01 5.879361204353575232e+00 1.155555555555555536e+01 9.412063879564642832e+01
9.292452830188679513e+01 6.007673667205169821e+00 7.075471698113207530e+00 9.399232633279483196e+01
8.711111111111110006e+01 5.791583166332665122e+00 1.288888888888888928e+01 9.420841683366732866e+01
8.803088803088803616e+01 5.476566614007372102e+00 1.196911196911196917e+01 9.452343338599263234e+01
8.739837398373984456e+01 6.265638031693077536e+00 1.260162601626016254e+01 9.373436196830692779e+01
8.875000000000000000e+01 5.960128085941534870e+00 1.125000000000000000e+01 9.403987191405846602e+01
8.365384615384616041e+01 5.689747718733226378e+00 1.634615384615384670e+01 9.431025228126677007e+01
9.182156133828995337e+01 5.720143516145566487e+00 8.178438661710037749e+00 9.427985648385443085e+01
9.336283185840707688e+01 5.673688394276629410e+00 6.637168141592921344e+00 9.432631160572336171e+01
8.904761904761903679e+01 5.855452828312953883e+00 1.095238095238095255e+01 9.414454717168703723e+01
9.154411764705882604e+01 6.427457098283931636e+00 8.455882352941177516e+00 9.357254290171607636e+01
9.234449760765551218e+01 5.937565914364058450e+00 7.655502392344497586e+00 9.406243408563594244e+01
9.112149532710280653e+01 5.895895895895895578e+00 8.878504672897195249e+00 9.410410410410409554e+01
9.094827586206896797e+01 5.733876577561363597e+00 9.051724137931033809e+00 9.426612342243863907e+01
8.883928571428570820e+01 5.870666534220720933e+00 1.116071428571428648e+01 9.412933346577926841e+01
8.602150537634408067e+01 6.177720668182267616e+00 1.397849462365591222e+01 9.382227933181773949e+01
8.591065292096219252e+01 6.366822429906542347e+00 1.408934707903780037e+01 9.363317757009346565e+01
8.636363636363635976e+01 6.156988619784067751e+00 1.363636363636363491e+01 9.384301138021594113e+01
8.470149253731342753e+01 6.190622126877107334e+00 1.529850746268656714e+01 9.380937787312288378e+01
8.847736625514403386e+01 5.904443980805341496e+00 1.152263374485596792e+01 9.409555601919466028e+01
8.987341772151899022e+01 6.197125675262460831e+00 1.012658227848101333e+01 9.380287432473754450e+01
9.004329004329004249e+01 6.074434641517087563e+00 9.956709956709957510e+00 9.392556535848291333e+01
8.430656934306568928e+01 5.983590154092455649e+00 1.569343065693430717e+01 9.401640984590754613e+01
8.955223880597014841e+01 5.902813299232736455e+00 1.044776119402984982e+01 9.409718670076726710e+01
9.302325581395348308e+01 5.668341708542714130e+00 6.976744186046511587e+00 9.433165829145728765e+01
9.270386266094419625e+01 6.007347830404130562e+00 7.296137339055793980e+00 9.399265216959587121e+01
8.814229249011857803e+01 6.280290791599353994e+00 1.185770750988142197e+01 9.371970920840064423e+01
9.223300970873786753e+01 5.565583634175692573e+00 7.766990291262135138e+00 9.443441636582430476e+01
8.928571428571429180e+01 5.990207313261797673e+00 1.071428571428571352e+01 9.400979268673820854e+01
8.943396226415094930e+01 6.402468421560119971e+00 1.056603773584905781e+01 9.359753157843988447e+01
8.937728937728938661e+01 5.976850927958491155e+00 1.062271062271062227e+01 9.402314907204150529e+01
8.734693877551021046e+01 5.709061357171881568e+00 1.265306122448979487e+01 9.429093864282810955e+01
8.861788617886179509e+01 6.245662734212352518e+00 1.138211382113821024e+01 9.375433726578764038e+01
8.766519823788546262e+01 6.400966183574880120e+00 1.233480176211453738e+01 9.359903381642511988e+01
9.210526315789473983e+01 6.034827862289832368e+00 7.894736842105262831e+00 9.396517213771016941e+01
8.923076923076924061e+01 6.073986851143165389e+00 1.076923076923077005e+01 9.392601314885683905e+01
9.425837320574163414e+01 6.046325077709816753e+00 5.741626794258372968e+00 9.395367492229019035e+01
8.817204301075268802e+01 5.727136431784107806e+00 1.182795698924731198e+01 9.427286356821589663e+01
9.036697247706422331e+01 5.998466845534687231e+00 9.633027522935780240e+00 9.400153315446530655e+01
8.647686832740212992e+01 6.090035407182599947e+00 1.352313167259786653e+01 9.390996459281740272e+01
8.736059479553904339e+01 5.586358405690972084e+00 1.263940520446096549e+01 9.441364159430902703e+01
8.759689922480620794e+01 5.946215139442231568e+00 1.240310077519379917e+01 9.405378486055776932e+01
8.945312500000000000e+01 6.125811766986526408e+00 1.054687500000000000e+01 9.387418823301348425e+01
8.825757575757575069e+01 6.180992673614694510e+00 1.174242424242424221e+01 9.381900732638530371e+01
8.400000000000000000e+01 5.889363392591120849e+00 1.600000000000000000e+01 9.411063660740887826e+01
8.839285714285713880e+01 5.464480874316939740e+00 1.160714285714285765e+01 9.453551912568306648e+01
8.642384105960265117e+01 6.279138974308104082e+00 1.357615894039735061e+01 9.372086102569188881e+01
9.086956521739129755e+01 6.165584080833075298e+00 9.130434782608695343e+00 9.383441591916692914e+01
8.684210526315790446e+01 5.942810623791594082e+00 1.315789473684210442e+01 9.405718937620839881e+01
9.122807017543858876e+01 6.394260761072987798e+00 8.771929824561402356e+00 9.360573923892701487e+01
9.009900990099009732e+01 5.663919891519766381e+00 9.900990099009900902e+00 9.433608010848023184e+01
9.476190476190475920e+01 6.150433555152249099e+00 5.238095238095238138e+00 9.384956644484775268e+01
9.110169491525424235e+01 6.253203485392107019e+00 8.898305084745762983e+00 9.374679651460789387e+01
9.021276595744680549e+01 5.936938734783476335e+00 9.787234042553190960e+00 9.406306126521651834e+01
9.128630705394191125e+01 5.864646045256383999e+00 8.713692946058090527e+00 9.413535395474362133e+01
8.776371308016878459e+01 5.784035656401945502e+00 1.223628691983122430e+01 9.421596434359805983e+01
8.662613981762918058e+01 6.226226226226225791e+00 1.337386018237081942e+01 9.377377377377376888e+01
9.078341013824883987e+01 5.460822261742859673e+00 9.216589861751153023e+00 9.453917773825713766e+01
8.803418803418803407e+01 5.958474167069048200e+00 1.196581196581196593e+01 9.404152583293094381e+01
9.285714285714286120e+01 6.129700917974533425e+00 7.142857142857142350e+00 9.387029908202546835e+01
9.372197309417040856e+01 5.809170261864151641e+00 6.278026905829596771e+00 9.419082973813584658e+01
8.754208754208754328e+01 6.580815250456296894e+00 1.245791245791245849e+01 9.341918474954370311e+01
9.148936170212765262e+01 5.921250375713856151e+00 8.510638297872340274e+00 9.407874962428614651e+01
8.805309734513274122e+01 5.988209742475953945e+00 1.194690265486725700e+01 9.401179025752404073e+01
8.289962825278810499e+01 6.348888443821349981e+00 1.710037174721189501e+01 9.365111155617864824e+01
9.159292035398229359e+01 5.453213313795268746e+00 8.407079646017699304e+00 9.454678668620472592e+01
8.755186721991701404e+01 5.937435686355216902e+00 1.244813278008298774e+01 9.406256431364478487e+01
8.798586572438162534e+01 5.853205326726540036e+00 1.201413427561837466e+01 9.414679467327346174e+01
9.090909090909090651e+01 6.006847183317771233e+00 9.090909090909091717e+00 9.399315281668222610e+01
8.727272727272726627e+01 6.086867862969004506e+00 1.272727272727272663e+01 9.391313213703099905e+01
9.004329004329004249e+01 5.995080959212953253e+00 9.956709956709957510e+00 9.400491904078704408e+01
9.356223175965665462e+01 6.255684689236988838e+00 6.437768240343347159e+00 9.374431531076301383e+01
9.003984063745019739e+01 5.927283837457989257e+00 9.960159362549800832e+00 9.407271616254200808e+01
9.360730593607306105e+01 6.246096189881324534e+00 6.392694063926940728e+00 9.375390381011867191e+01
8.668941979522185193e+01 6.217361316385850323e+00 1.331058020477815873e+01 9.378263868361415234e+01
8.755364806866953131e+01 6.117230527143981078e+00 1.244635193133047224e+01 9.388276947285602603e+01
8.908296943231441389e+01 6.354939476766888085e+00 1.091703056768558966e+01 9.364506052323311280e+01
8.893805309734513287e+01 5.893536121673003336e+00 1.106194690265486713e+01 9.410646387832699133e+01
8.873239436619718390e+01 6.097435369245030046e+00 1.126760563380281788e+01 9.390256463075496640e+01
9.067796610169492055e+01 6.143980140670252332e+00 9.322033898305084776e+00 9.385601985932974856e+01
9.205020920502091997e+01 5.865837761957284791e+00 7.949790794979079145e+00 9.413416223804271965e+01
9.020408163265307167e+01 6.111860537511673463e+00 9.795918367346938993e+00 9.388813946248832565e+01
9.095022624434389513e+01 5.930693069306930632e+00 9.049773755656108420e+00 9.406930693069305960e+01
9.137254901960784537e+01 5.964631831351783653e+00 8.627450980392156410e+00 9.403536816864821901e+01
8.870292887029287954e+01 6.092245311708058608e+00 1.129707112970711336e+01 9.390775468829194494e+01
8.754863813229572145e+01 5.871136089923725265e+00 1.245136186770428033e+01 9.412886391007627651e+01
8.958333333333334281e+01 6.151530356246864173e+00 1.041666666666666785e+01 9.384846964375313405e+01
8.962264150943396146e+01 5.484110957593793856e+00 1.037735849056603854e+01 9.451588904240621503e+01
9.417040358744395689e+01 6.160414760597743289e+00 5.829596412556053764e+00 9.383958523940225405e+01
9.078341013824883987e+01 6.270128824476650209e+00 9.216589861751153023e+00 9.372987117552334269e+01
9.039301310043667570e+01 5.804025208375686695e+00 9.606986899563318971e+00 9.419597479162430886e+01
8.571428571428570820e+01 6.059721816943876682e+00 1.428571428571428470e+01 9.394027818305612243e+01
9.040000000000000568e+01 6.157218292318422215e+00 9.599999999999999645e+00 9.384278170768158134e+01
9.107981220657276822e+01 5.901265297656087760e+00 8.920187793427230005e+00 9.409873470234390425e+01
8.576779026217228363e+01 6.063969327010392263e+00 1.423220973782771459e+01 9.393603067298961662e+01
8.808510638297872219e+01 5.971920110737591436e+00 1.191489361702127781e+01 9.402807988926240057e+01
8.922413793103449109e+01 6.033552437947610869e+00 1.077586206896551602e+01 9.396644756205239446e+01
9.194312796208529903e+01 6.110163539680947054e+00 8.056872037914692086e+00 9.388983646031906005e+01
9.074889867841409341e+01 6.414473684210526550e+00 9.251101321585903037e+00 9.358552631578946546e+01
8.908296943231441389e+01 5.739058629232039799e+00 1.091703056768558966e+01 9.426094137076795221e+01
9.159663865546218631e+01 6.018518518518518157e+00 8.403361344537815469e+00 9.398148148148148096e+01
8.969957081545064170e+01 5.889608387295713676e+00 1.030042918454935652e+01 9.411039161270429076e+01
8.875000000000000000e+01 5.488180883864337112e+00 1.125000000000000000e+01 9.451181911613566911e+01
8.838174273858921026e+01 5.851338778041972333e+00 1.161825726141078796e+01 9.414866122195803655e+01
8.932806324110671881e+01 6.193262053661488409e+00 1.067193675889327942e+01 9.380673794633851514e+01
9.292452830188679513e+01 5.607193372398463715e+00 7.075471698113207530e+00 9.439280662760153007e+01
8.773946360153256308e+01 5.643994211287988172e+00 1.226053639846743160e+01 9.435600578871201094e+01
9.220779220779220964e+01 5.860769535898453064e+00 7.792207792207792139e+00 9.413923046410154427e+01
9.136363636363637397e+01 6.169560776302349225e+00 8.636363636363636687e+00 9.383043922369765255e+01
9.004329004329004249e+01 6.118758163367829184e+00 9.956709956709957510e+00 9.388124183663217082e+01
9.241706161137440745e+01 5.666869054847197162e+00 7.582938388625592552e+00 9.433313094515280284e+01
8.833333333333332860e+01 6.205201720253942455e+00 1.166666666666666607e+01 9.379479827974606110e+01
8.629032258064516725e+01 5.559559353443837892e+00 1.370967741935483808e+01 9.444044064655615500e+01
8.750000000000000000e+01 6.229765525360541290e+00 1.250000000000000000e+01 9.377023447463945161e+01
8.884120171673819755e+01 5.793226381461675345e+00 1.115879828326180245e+01 9.420677361853832110e+01
9.189189189189190188e+01 5.867066466766616806e+00 8.108108108108108780e+00 9.413293353323338408e+01
8.893280632411067188e+01 5.956333635174564378e+00 1.106719367588932812e+01 9.404366636482544095e+01
9.072580645161289681e+01 6.035610099587566779e+00 9.274193548387096087e+00 9.396438990041244210e+01
8.938053097345132869e+01 5.786438655796381170e+00 1.061946902654867309e+01 9.421356134420362594e+01
8.862745098039215463e+01 5.633095692338588201e+00 1.137254901960784359e+01 9.436690430766141446e+01
9.276595744680851396e+01 5.699588477366255290e+00 7.234042553191488700e+00 9.430041152263373760e+01
8.931623931623931867e+01 6.017191977077363418e+00 1.068376068376068311e+01 9.398280802292264013e+01
9.029535864978902282e+01 5.944197331176708232e+00 9.704641350210970074e+00 9.405580266882328999e+01
8.888888888888888573e+01 5.904939809049398747e+00 1.111111111111111072e+01 9.409506019095059060e+01
9.315068493150684503e+01 5.977771102433163009e+00 6.849315068493150527e+00 9.402222889756683344e+01
8.828451882845187981e+01 5.847000101864113120e+00 1.171548117154811663e+01 9.415299989813588866e+01
8.612099644128113596e+01 6.101967081493376632e+00 1.387900355871886049e+01 9.389803291850662958e+01
8.832116788321168599e+01 6.167400881057268691e+00 1.167883211678832112e+01 9.383259911894272420e+01
9.151785714285713880e+01 5.787553213054936307e+00 8.482142857142857650e+00 9.421244678694506547e+01
8.221574344023323988e+01 6.210254372019077707e+00 1.778425655976676367e+01 9.378974562798092052e+01
8.981818181818181301e+01 5.917220235053653354e+00 1.018181818181818166e+01 9.408277976494633776e+01
8.945147679324894341e+01 5.772931366260423580e+00 1.054852320675105481e+01 9.422706863373957731e+01
9.115384615384614619e+01 5.839340885684860538e+00 8.846153846153846700e+00 9.416065911431513769e+01
8.740458015267175540e+01 5.948099912527942124e+00 1.259541984732824282e+01 9.405190008747206321e+01
