8.702290076335877700e+01 1.533614064018375167e+01 1.297709923664122122e+01 8.466385935981625721e+01
9.162790697674418539e+01 1.481676464566698748e+01 8.372093023255814614e+00 8.518323535433300719e+01
8.863636363636364024e+01 1.554143500132380318e+01 1.136363636363636331e+01 8.445856499867619505e+01
9.333333333333332860e+01 1.500627206161206573e+01 6.666666666666666963e+00 8.499372793838793427e+01
8.728522336769759704e+01 1.530417972525702197e+01 1.271477663230240474e+01 8.469582027474297092e+01
8.880308880308879793e+01 1.495759217811285247e+01 1.119691119691119674e+01 8.504240782188713865e+01
9.298245614035087669e+01 1.521434820647418995e+01 7.017543859649122417e+00 8.478565179352580117e+01
8.959276018099548367e+01 1.486498372768053322e+01 1.040723981900452522e+01 8.513501627231946145e+01
9.260869565217390686e+01 1.463549551647839664e+01 7.391304347826086918e+00 8.536450448352159981e+01
9.268292682926829684e+01 1.500436173306193588e+01 7.317073170731706711e+00 8.499563826693807300e+01
8.959276018099548367e+01 1.514091750668586656e+01 1.040723981900452522e+01 8.485908249331413344e+01
8.888888888888888573e+01 1.520188623636899372e+01 1.111111111111111072e+01 8.479811376363099384e+01
8.754863813229572145e+01 1.513281617301363369e+01 1.245136186770428033e+01 8.486718382698637697e+01
8.930041152263375182e+01 1.529580683915961004e+01 1.069958847736625529e+01 8.470419316084038996e+01
8.870967741935483275e+01 1.493088898588680280e+01 1.129032258064516014e+01 8.506911101411319009e+01
9.120370370370370949e+01 1.474441455140952151e+01 8.796296296296295836e+00 8.525558544859048027e+01
9.481132075471697362e+01 1.521150542956126728e+01 5.188679245283019270e+00 8.478849457043872917e+01
9.163179916317992024e+01 1.508320859381878876e+01 8.368200836820083310e+00 8.491679140618121835e+01
8.619528619528618663e+01 1.501641458553171482e+01 1.380471380471380627e+01 8.498358541446829406e+01
9.330143540669855895e+01 1.512495942875689892e+01 6.698564593301435721e+00 8.487504057124310464e+01
9.014084507042254302e+01 1.512793611936818827e+01 9.859154929577464088e+00 8.487206388063181350e+01
8.830188679245283367e+01 1.509112286890064780e+01 1.169811320754716988e+01 8.490887713109935930e+01
9.515418502202642514e+01 1.531489386585579737e+01 4.845814977973568638e+00 8.468510613414420618e+01
8.935361216730038336e+01 1.511409860658338999e+01 1.064638783269961841e+01 8.488590139341660290e+01
8.925619834710744271e+01 1.529918537185723437e+01 1.074380165289256261e+01 8.470081462814276563e+01
8.858267716535432612e+01 1.494168237511781250e+01 1.141732283464567033e+01 8.505831762488217862e+01
8.942731277533039247e+01 1.498423169285073620e+01 1.057268722466960398e+01 8.501576830714925848e+01
8.740740740740740478e+01 1.490884655837326278e+01 1.259259259259259167e+01 8.509115344162674432e+01
9.090909090909090651e+01 1.487612906973367011e+01 9.090909090909091717e+00 8.512387093026633522e+01
8.591549295774647987e+01 1.511896991633537013e+01 1.408450704225352190e+01 8.488103008366462632e+01
8.735177865612648418e+01 1.524942148276165277e+01 1.264822134387351760e+01 8.475057851723835256e+01
8.547297297297296836e+01 1.482802994852596967e+01 1.452702702702702631e+01 8.517197005147403388e+01
9.117647058823528994e+01 1.475200000000000067e+01 8.823529411764706509e+00 8.524800000000000466e+01
9.422222222222221433e+01 1.552926014879034611e+01 5.777777777777777679e+00 8.447073985120965744e+01
8.773946360153256308e+01 1.518491014406653861e+01 1.226053639846743160e+01 8.481508985593345074e+01
8.728813559322034621e+01 1.529225723322010033e+01 1.271186440677966090e+01 8.470774276677990144e+01
8.967136150234740910e+01 1.522374833850243725e+01 1.032863849765258202e+01 8.477625166149755387e+01
8.936170212765956933e+01 1.492807858729973169e+01 1.063829787234042534e+01 8.507192141270026298e+01
9.265306122448978954e+01 1.524649133152494507e+01 7.346938775510205133e+00 8.475350866847504960e+01
9.345794392523364991e+01 1.505075253762688270e+01 6.542056074766354534e+00 8.494924746237312263e+01
9.045454545454545325e+01 1.503000146348602328e+01 9.545454545454546746e+00 8.496999853651398382e+01
8.745519713261649031e+01 1.528380438606778391e+01 1.254480286738351147e+01 8.471619561393221431e+01
8.745644599303136602e+01 1.488771427737055575e+01 1.254355400696864109e+01 8.511228572262943715e+01
9.000000000000000000e+01 1.472856892420966446e+01 1.000000000000000000e+01 8.527143107579033199e+01
8.983050847457627697e+01 1.492992078001218736e+01 1.016949152542373014e+01 8.507007921998781796e+01
9.000000000000000000e+01 1.539426837097997947e+01 1.000000000000000000e+01 8.460573162902001343e+01
9.279279279279279535e+01 1.529522798324780197e+01 7.207207207207207311e+00 8.470477201675220158e+01
8.614232209737828327e+01 1.507091155181545261e+01 1.385767790262172383e+01 8.492908844818454384e+01
9.000000000000000000e+01 1.543276684119694586e+01 1.000000000000000000e+01 8.456723315880306302e+01
8.536585365853657947e+01 1.514449171189672860e+01 1.463414634146341342e+01 8.485550828810328028e+01
9.000000000000000000e+01 1.526548672566371501e+01 1.000000000000000000e+01 8.473451327433629388e+01
8.790322580645161565e+01 1.537609006328929340e+01 1.209677419354838790e+01 8.462390993671070305e+01
9.282296650717702846e+01 1.499620127403424519e+01 7.177033492822966210e+00 8.500379872596575126e+01
9.321266968325791424e+01 1.518834608593290270e+01 6.787330316742081315e+00 8.481165391406709375e+01
8.709677419354838435e+01 1.516960810138437665e+01 1.290322580645161210e+01 8.483039189861561624e+01
9.095022624434389513e+01 1.493631689647113880e+01 9.049773755656108420e+00 8.506368310352885942e+01
9.066666666666665719e+01 1.515742871290012594e+01 9.333333333333333925e+00 8.484257128709987228e+01
9.326923076923077360e+01 1.511159467168524095e+01 6.730769230769230838e+00 8.488840532831474661e+01
9.067796610169492055e+01 1.540805860805860839e+01 9.322033898305084776e+00 8.459194139194138984e+01
9.151785714285713880e+01 1.476504120270549691e+01 8.482142857142857650e+00 8.523495879729449598e+01
8.901515151515151558e+01 1.546403746037285920e+01 1.098484848484848442e+01 8.453596253962713547e+01
8.686131386861313786e+01 1.534736779946263496e+01 1.313868613138686214e+01 8.465263220053736859e+01
8.713235294117647811e+01 1.513342592866219505e+01 1.286764705882352899e+01 8.486657407133780850e+01
9.137254901960784537e+01 1.501754385964912331e+01 8.627450980392156410e+00 8.498245614035087669e+01
9.124423963133641280e+01 1.521082127871834722e+01 8.755760368663594306e+00 8.478917872128165811e+01
8.823529411764705799e+01 1.539456282145481225e+01 1.176470588235294024e+01 8.460543717854518775e+01
9.230769230769230660e+01 1.547787193973634601e+01 7.692307692307692513e+00 8.452212806026365399e+01
9.059829059829060327e+01 1.508860908796036959e+01 9.401709401709402059e+00 8.491139091203963574e+01
8.510638297872340274e+01 1.540133337249258361e+01 1.489361702127659548e+01 8.459866662750741284e+01
8.554216867469878594e+01 1.504248461763843991e+01 1.445783132530120341e+01 8.495751538236156364e+01
9.241706161137440745e+01 1.479622915155910157e+01 7.582938388625592552e+00 8.520377084844089666e+01
8.967136150234740910e+01 1.538953302531020384e+01 1.032863849765258202e+01 8.461046697468979971e+01
8.711111111111110006e+01 1.474202915554512749e+01 1.288888888888888928e+01 8.525797084445487428e+01
8.927038626609441963e+01 1.508663729809104304e+01 1.072961373390558037e+01 8.491336270190895164e+01
9.181818181818182723e+01 1.510740697264937360e+01 8.181818181818181657e+00 8.489259302735062818e+01
8.902953586497889660e+01 1.513144397878139458e+01 1.097046413502109807e+01 8.486855602121859476e+01
8.991228070175438347e+01 1.560803872671263015e+01 1.008771929824561298e+01 8.439196127328737873e+01
9.227272727272726627e+01 1.475916014820913880e+01 7.727272727272726627e+00 8.524083985179086653e+01
8.383458646616541898e+01 1.500975794471468916e+01 1.616541353383458457e+01 8.499024205528530729e+01
8.571428571428570820e+01 1.505598723668271965e+01 1.428571428571428470e+01 8.494401276331727502e+01
8.961538461538461320e+01 1.498577483597514970e+01 1.038461538461538503e+01 8.501422516402485030e+01
9.053497942386830744e+01 1.499563572883328355e+01 9.465020576131687235e+00 8.500436427116670757e+01
9.194312796208529903e+01 1.517124091015716658e+01 8.056872037914692086e+00 8.482875908984283342e+01
9.196428571428570820e+01 1.529906734531760115e+01 8.035714285714286476e+00 8.470093265468238997e+01
9.065040650406504597e+01 1.508505055865098399e+01 9.349593495934959364e+00 8.491494944134902312e+01
8.880866425992779511e+01 1.506163440986150448e+01 1.119133574007220133e+01 8.493836559013850263e+01
8.966942148760330156e+01 1.478133684364487443e+01 1.033057851239669489e+01 8.521866315635512024e+01
8.786764705882352189e+01 1.491846951023156365e+01 1.213235294117647101e+01 8.508153048976842570e+01
9.095238095238094900e+01 1.532704292620420361e+01 9.047619047619047450e+00 8.467295707379579994e+01
9.347826086956521863e+01 1.494588207836158311e+01 6.521739130434782261e+00 8.505411792163842222e+01
8.661087866108786670e+01 1.522445752437845989e+01 1.338912133891213330e+01 8.477554247562154899e+01
9.362745098039215463e+01 1.499030039386279611e+01 6.372549019607842702e+00 8.500969960613720389e+01
9.173913043478260931e+01 1.508407808090310454e+01 8.260869565217390686e+00 8.491592191909688836e+01
8.796680497925311215e+01 1.489286968739023642e+01 1.203319502074688785e+01 8.510713031260976891e+01
8.773234200743495137e+01 1.501656020818547610e+01 1.226765799256505574e+01 8.498343979181453278e+01
8.961038961038960338e+01 1.508235643270514892e+01 1.038961038961038952e+01 8.491764356729485996e+01
9.396551724137931672e+01 1.519764801769808393e+01 6.034482758620689502e+00 8.480235198230191429e+01
8.986784140969163559e+01 1.492121247689192565e+01 1.013215859030836974e+01 8.507878752310806192e+01
9.203187250996015223e+01 1.483440594786799593e+01 7.968127490039840666e+00 8.516559405213200762e+01
8.618181818181818699e+01 1.530350779018054297e+01 1.381818181818181834e+01 8.469649220981945348e+01
8.853754940711462496e+01 1.497792203994502458e+01 1.146245059288537504e+01 8.502207796005497187e+01
8.750000000000000000e+01 1.501038527923236643e+01 1.250000000000000000e+01 8.498961472076763357e+01
9.244444444444444287e+01 1.496909981343283391e+01 7.555555555555555358e+00 8.503090018656716609e+01
8.995815899581589292e+01 1.537536304162877343e+01 1.004184100418409997e+01 8.462463695837122657e+01
9.064039408866995018e+01 1.535762325282180285e+01 9.359605911330049821e+00 8.464237674717819004e+01
8.755364806866953131e+01 1.497833469961353714e+01 1.244635193133047224e+01 8.502166530038645931e+01
9.184549356223176630e+01 1.505408033951253977e+01 8.154506437768240801e+00 8.494591966048746201e+01
9.224489795918367463e+01 1.516561165906079900e+01 7.755102040816326259e+00 8.483438834093919922e+01
8.604651162790698038e+01 1.517820684827626465e+01 1.395348837209302317e+01 8.482179315172373890e+01
9.051383399209485958e+01 1.519296387810330451e+01 9.486166007905136865e+00 8.480703612189670082e+01
9.037037037037036669e+01 1.499647969960103211e+01 9.629629629629629761e+00 8.500352030039897500e+01
8.906882591093116730e+01 1.475727016885553589e+01 1.093117408906882559e+01 8.524272983114447300e+01
9.019607843137255543e+01 1.555968279237050744e+01 9.803921568627451677e+00 8.444031720762949078e+01
8.974358974358975161e+01 1.524979380228584880e+01 1.025641025641025550e+01 8.475020619771414943e+01
9.125475285171103224e+01 1.513133017248901879e+01 8.745247148288973094e+00 8.486866982751098476e+01
9.070796460176990195e+01 1.527789972780753480e+01 9.292035398230089172e+00 8.472210027219246342e+01
9.144144144144144093e+01 1.500058186896310808e+01 8.558558558558559071e+00 8.499941813103689014e+01
9.262672811059907474e+01 1.485527516857571761e+01 7.373271889400921708e+00 8.514472483142428416e+01
9.095022624434389513e+01 1.481175010343400977e+01 9.049773755656108420e+00 8.518824989656599200e+01
9.240506329113924266e+01 1.505041300449748753e+01 7.594936708860760000e+00 8.494958699550251424e+01
8.966942148760330156e+01 1.505455185358986547e+01 1.033057851239669489e+01 8.494544814641014341e+01
8.820960698689955848e+01 1.514698555057299423e+01 1.179039301310043619e+01 8.485301444942699334e+01
8.977777777777777146e+01 1.493388719868944747e+01 1.022222222222222321e+01 8.506611280131055253e+01
9.444444444444444287e+01 1.484834371543342968e+01 5.555555555555555358e+00 8.515165628456657032e+01
8.981481481481480955e+01 1.515231477409329486e+01 1.018518518518518512e+01 8.484768522590671580e+01
8.893442622950820464e+01 1.514957140358038323e+01 1.106557377049180246e+01 8.485042859641961854e+01
8.356164383561643660e+01 1.503881357895956405e+01 1.643835616438355984e+01 8.496118642104043772e+01
9.200000000000000000e+01 1.489637305699481828e+01 8.000000000000000000e+00 8.510362694300518172e+01
9.017857142857143060e+01 1.491589224797082736e+01 9.821428571428571175e+00 8.508410775202916909e+01
8.278931750741840290e+01 1.547311575487203505e+01 1.721068249258160421e+01 8.452688424512795962e+01
8.613445378151260456e+01 1.491625036732295051e+01 1.386554621848739544e+01 8.508374963267705482e+01
8.786610878661088009e+01 1.510207642645262638e+01 1.213389121338912169e+01 8.489792357354737362e+01
8.783783783783783861e+01 1.499839167178407529e+01 1.216216216216216317e+01 8.500160832821592294e+01
8.631178707224334801e+01 1.503393331366184604e+01 1.368821292775665377e+01 8.496606668633815218e+01
8.972332015810276573e+01 1.478811835145032738e+01 1.027667984189723427e+01 8.521188164854966374e+01
8.805970149253731449e+01 1.543269654018839887e+01 1.194029850746268551e+01 8.456730345981159758e+01
9.196428571428570820e+01 1.488410160474701094e+01 8.035714285714286476e+00 8.511589839525298373e+01
8.712871287128713504e+01 1.522973368451858356e+01 1.287128712871287206e+01 8.477026631548140756e+01
9.227272727272726627e+01 1.532234496463849638e+01 7.727272727272726627e+00 8.467765503536151073e+01
9.649122807017543835e+01 1.494515807378731864e+01 3.508771929824561209e+00 8.505484192621267425e+01
8.745387453874539574e+01 1.501103752759381749e+01 1.254612546125461137e+01 8.498896247240618607e+01
8.938053097345132869e+01 1.510070065374805814e+01 1.061946902654867309e+01 8.489929934625195074e+01
8.299319727891156617e+01 1.486903607020019535e+01 1.700680272108843383e+01 8.513096392979980465e+01
9.102040816326531569e+01 1.519768393964206155e+01 8.979591836734693189e+00 8.480231606035793845e+01
9.257641921397380713e+01 1.500249405827293891e+01 7.423580786026201750e+00 8.499750594172705576e+01
9.078947368421053454e+01 1.498393222319602813e+01 9.210526315789472562e+00 8.501606777680396476e+01
8.831168831168831446e+01 1.512420633759545829e+01 1.168831168831168732e+01 8.487579366240454704e+01
8.637992831541218663e+01 1.507934180036957805e+01 1.362007168458781514e+01 8.492065819963042372e+01
9.078947368421053454e+01 1.526516261353647863e+01 9.210526315789472562e+00 8.473483738646352492e+01
9.200000000000000000e+01 1.527109400064164113e+01 8.000000000000000000e+00 8.472890599935836065e+01
8.968609865470853038e+01 1.495072157690954029e+01 1.031390134529148028e+01 8.504927842309045616e+01
8.973384030418250745e+01 1.497793519916386096e+01 1.026615969581749077e+01 8.502206480083613371e+01
8.902953586497889660e+01 1.480319117733325562e+01 1.097046413502109807e+01 8.519680882266675326e+01
8.949579831932773288e+01 1.517162404204715465e+01 1.050420168067226889e+01 8.482837595795284358e+01
8.936170212765956933e+01 1.499647763296935388e+01 1.063829787234042534e+01 8.500352236703065500e+01
9.151785714285713880e+01 1.521726450860309043e+01 8.482142857142857650e+00 8.478273549139690601e+01
8.977272727272726627e+01 1.500731635937957087e+01 1.022727272727272840e+01 8.499268364062042735e+01
9.159292035398229359e+01 1.492947751264082434e+01 8.407079646017699304e+00 8.507052248735918454e+01
9.241071428571429180e+01 1.479786644903669490e+01 7.589285714285713524e+00 8.520213355096329622e+01
9.047619047619048160e+01 1.497654907215894227e+01 9.523809523809523725e+00 8.502345092784105418e+01
9.433962264150943611e+01 1.481351161154116980e+01 5.660377358490566557e+00 8.518648838845884086e+01
9.211618257261410747e+01 1.500929230950765536e+01 7.883817427385891641e+00 8.499070769049234286e+01
8.715953307392996408e+01 1.505207424215977063e+01 1.284046692607003770e+01 8.494792575784022404e+01
8.544061302681991776e+01 1.541665444519402861e+01 1.455938697318007691e+01 8.458334555480597317e+01
9.285714285714286120e+01 1.517906901710028578e+01 7.142857142857142350e+00 8.482093098289971067e+01
8.608058608058608741e+01 1.501837965005146458e+01 1.391941391941391970e+01 8.498162034994854253e+01
8.951965065502183450e+01 1.503369469674772851e+01 1.048034934497816550e+01 8.496630530325226971e+01
9.207048458149780856e+01 1.514582477554134243e+01 7.929515418502202984e+00 8.485417522445865757e+01
8.607142857142858361e+01 1.502225084904555708e+01 1.392857142857142883e+01 8.497774915095443760e+01
9.130434782608695343e+01 1.510341792577380104e+01 8.695652173913043015e+00 8.489658207422620251e+01
8.854961832061069060e+01 1.481775193115399425e+01 1.145038167938931295e+01 8.518224806884600753e+01
8.855932203389829738e+01 1.491212550129747605e+01 1.144067796610169552e+01 8.508787449870251862e+01
9.117647058823528994e+01 1.515479287865056968e+01 8.823529411764706509e+00 8.484520712134943210e+01
9.478672985781990690e+01 1.497916727368083833e+01 5.213270142180094879e+00 8.502083272631915634e+01
8.951310861423220899e+01 1.506428988895382659e+01 1.048689138576779101e+01 8.493571011104617696e+01
9.014084507042254302e+01 1.527328352062128580e+01 9.859154929577464088e+00 8.472671647937872308e+01
9.045454545454545325e+01 1.512373700395372644e+01 9.545454545454546746e+00 8.487626299604626467e+01
9.035087719298246611e+01 1.453908917308026005e+01 9.649122807017542769e+00 8.546091082691972929e+01
8.922413793103449109e+01 1.516564057461154924e+01 1.077586206896551602e+01 8.483435942538845609e+01
9.107981220657276822e+01 1.487991139092922843e+01 8.920187793427230005e+00 8.512008860907076269e+01
8.755186721991701404e+01 1.526315789473684248e+01 1.244813278008298774e+01 8.473684210526315042e+01
9.000000000000000000e+01 1.484699437457662263e+01 1.000000000000000000e+01 8.515300562542338980e+01
8.818181818181818699e+01 1.466838982553016457e+01 1.181818181818181834e+01 8.533161017446983010e+01
9.021276595744680549e+01 1.480968654254065697e+01 9.787234042553190960e+00 8.519031345745933947e+01
8.620689655172412813e+01 1.511586872132690296e+01 1.379310344827586121e+01 8.488413127867310948e+01
8.962264150943396146e+01 1.519072572382095565e+01 1.037735849056603854e+01 8.480927427617905323e+01
8.790322580645161565e+01 1.492050430540453121e+01 1.209677419354838790e+01 8.507949569459546524e+01
8.995633187772925510e+01 1.501141721775748117e+01 1.004366812227074135e+01 8.498858278224251706e+01
9.000000000000000000e+01 1.519020550940096115e+01 1.000000000000000000e+01 8.480979449059903175e+01
8.690909090909090651e+01 1.509103129840147162e+01 1.309090909090909172e+01 8.490896870159852483e+01
9.094827586206896797e+01 1.503958551635813379e+01 9.051724137931033809e+00 8.496041448364186977e+01
9.009433962264151319e+01 1.472261318320431656e+01 9.905660377358490365e+00 8.527738681679568344e+01
8.458781362007168525e+01 1.493159875156783123e+01 1.541218637992831653e+01 8.506840124843216699e+01
9.107981220657276822e+01 1.493754032021582212e+01 8.920187793427230005e+00 8.506245967978416900e+01
9.333333333333332860e+01 1.517967055513218888e+01 6.666666666666666963e+00 8.482032944486780934e+01
9.264069264069264875e+01 1.493921105571590857e+01 7.359307359307360130e+00 8.506078894428409853e+01
8.592592592592592382e+01 1.529560339510705269e+01 1.407407407407407440e+01 8.470439660489294909e+01
9.330708661417322958e+01 1.495291347851677521e+01 6.692913385826772199e+00 8.504708652148322301e+01
8.965517241379311031e+01 1.526426813547404038e+01 1.034482758620689680e+01 8.473573186452595962e+01
8.493150684931507044e+01 1.507375764921512484e+01 1.506849315068493134e+01 8.492624235078487516e+01
9.192825112107622942e+01 1.476663443790102725e+01 8.071748878923767023e+00 8.523336556209896742e+01
8.888888888888888573e+01 1.501300523131776643e+01 1.111111111111111072e+01 8.498699476868223712e+01
8.823529411764705799e+01 1.500409548326702414e+01 1.176470588235294024e+01 8.499590451673297764e+01
9.063829787234041646e+01 1.509599625380472965e+01 9.361702127659574657e+00 8.490400374619527213e+01
9.086956521739129755e+01 1.554427091021818086e+01 9.130434782608695343e+00 8.445572908978181204e+01
9.339207048458149529e+01 1.497200808980860032e+01 6.607929515418502042e+00 8.502799191019140324e+01
9.276595744680851396e+01 1.521244869637109787e+01 7.234042553191488700e+00 8.478755130362890213e+01
8.808510638297872219e+01 1.500847606243058330e+01 1.191489361702127781e+01 8.499152393756941137e+01
8.577777777777777146e+01 1.481159672140643657e+01 1.422222222222222143e+01 8.518840327859355455e+01
9.308755760368663346e+01 1.526592635885447002e+01 6.912442396313364767e+00 8.473407364114552820e+01
9.063829787234041646e+01 1.484896095811223304e+01 9.361702127659574657e+00 8.515103904188777051e+01
8.673469387755102389e+01 1.516847243719490557e+01 1.326530612244897966e+01 8.483152756280509266e+01
9.029535864978902282e+01 1.527527940786175620e+01 9.704641350210970074e+00 8.472472059213825446e+01
8.893442622950820464e+01 1.511424063577397270e+01 1.106557377049180246e+01 8.488575936422603263e+01
9.194915254237288593e+01 1.520717014399059686e+01 8.050847457627117620e+00 8.479282985600940492e+01
9.040000000000000568e+01 1.508350730688935215e+01 9.599999999999999645e+00 8.491649269311064074e+01
9.148936170212765262e+01 1.485422740524781382e+01 8.510638297872340274e+00 8.514577259475218796e+01
9.158415841584158557e+01 1.507340090877315752e+01 8.415841584158416211e+00 8.492659909122683359e+01
9.053497942386830744e+01 1.535188692991403236e+01 9.465020576131687235e+00 8.464811307008596941e+01
9.122807017543858876e+01 1.495440549502605521e+01 8.771929824561402356e+00 8.504559450497394835e+01
8.995815899581589292e+01 1.547188814503229004e+01 1.004184100418409997e+01 8.452811185496771884e+01
8.959276018099548367e+01 1.475071498068815146e+01 1.040723981900452522e+01 8.524928501931185565e+01
9.230769230769230660e+01 1.470846505093080481e+01 7.692307692307692513e+00 8.529153494906918809e+01
9.423076923076922640e+01 1.506119341804766698e+01 5.769230769230769162e+00 8.493880658195233480e+01
9.099099099099099419e+01 1.480124296435272058e+01 9.009009009009009361e+00 8.519875703564727587e+01
8.587360594795538304e+01 1.500835262741420451e+01 1.412639405204460985e+01 8.499164737258580260e+01
8.817204301075268802e+01 1.492115791951047221e+01 1.182795698924731198e+01 8.507884208048952246e+01
9.292452830188679513e+01 1.493961708394698285e+01 7.075471698113207530e+00 8.506038291605302959e+01
9.064039408866995018e+01 1.533670231519567473e+01 9.359605911330049821e+00 8.466329768480433415e+01
9.282511210762332610e+01 1.523290094339622769e+01 7.174887892376681897e+00 8.476709905660378297e+01
9.185520361990950278e+01 1.509594009594009734e+01 8.144796380090497223e+00 8.490405990405990622e+01
9.170506912442397152e+01 1.518585411326031398e+01 8.294930875576037366e+00 8.481414588673969490e+01
8.481848184818481684e+01 1.493591802177911632e+01 1.518151815181518138e+01 8.506408197822088368e+01
9.086757990867579338e+01 1.493817370106029685e+01 9.132420091324199518e+00 8.506182629893970670e+01
8.820960698689955848e+01 1.493854488262363844e+01 1.179039301310043619e+01 8.506145511737635445e+01
8.821138211382113070e+01 1.497557530457301134e+01 1.178861788617886219e+01 8.502442469542698689e+01
9.336283185840707688e+01 1.488830833357794958e+01 6.637168141592921344e+00 8.511169166642204686e+01
9.097744360902255778e+01 1.490442493466835039e+01 9.022556390977442220e+00 8.509557506533165849e+01
8.900343642611683492e+01 1.500470643605129872e+01 1.099656357388316152e+01 8.499529356394870661e+01
8.983739837398373140e+01 1.532350604642951630e+01 1.016260162601625971e+01 8.467649395357048547e+01
9.230769230769230660e+01 1.491683534277919421e+01 7.692307692307692513e+00 8.508316465722080579e+01
9.107142857142856940e+01 1.528897947299461180e+01 8.928571428571428825e+00 8.471102052700538820e+01
9.285714285714286120e+01 1.507125335825253920e+01 7.142857142857142350e+00 8.492874664174745192e+01
9.008620689655172953e+01 1.478750072873549826e+01 9.913793103448275801e+00 8.521249927126449109e+01
9.124423963133641280e+01 1.511440068141099147e+01 8.755760368663594306e+00 8.488559931858901564e+01
8.513513513513512976e+01 1.522959635955321822e+01 1.486486486486486491e+01 8.477040364044677290e+01
9.194312796208529903e+01 1.500935856680234082e+01 8.056872037914692086e+00 8.499064143319765208e+01
8.784313725490196134e+01 1.528094486347424308e+01 1.215686274509803866e+01 8.471905513652575337e+01
8.553719008264462786e+01 1.475944310638547741e+01 1.446280991735537036e+01 8.524055689361451016e+01
8.576779026217228363e+01 1.490608609019251674e+01 1.423220973782771459e+01 8.509391390980748326e+01
8.543307086614173329e+01 1.532634878254055799e+01 1.456692913385826671e+01 8.467365121745945089e+01
9.118942731277532232e+01 1.488788712604648445e+01 8.810572687224670574e+00 8.511211287395352088e+01
8.601398601398601329e+01 1.510969568294409093e+01 1.398601398601398671e+01 8.489030431705590729e+01
8.928571428571429180e+01 1.537330981775426331e+01 1.071428571428571352e+01 8.462669018224573847e+01
8.966942148760330156e+01 1.487458851632825407e+01 1.033057851239669489e+01 8.512541148367174060e+01
8.793103448275861922e+01 1.493122622183201642e+01 1.206896551724137900e+01 8.506877377816798003e+01
9.067796610169492055e+01 1.511695906432748515e+01 9.322033898305084776e+00 8.488304093567251130e+01
8.740157480314960026e+01 1.526996954790348937e+01 1.259842519685039264e+01 8.473003045209649997e+01
8.834080717488788537e+01 1.507135500956304242e+01 1.165919282511210753e+01 8.492864499043695048e+01
9.194312796208529903e+01 1.500132053877982230e+01 8.056872037914692086e+00 8.499867946122017770e+01
9.162561576354679005e+01 1.512110929089632627e+01 8.374384236453201069e+00 8.487889070910367195e+01
8.995633187772925510e+01 1.512206545284234060e+01 1.004366812227074135e+01 8.487793454715766472e+01
8.991228070175438347e+01 1.500584795321637444e+01 1.008771929824561298e+01 8.499415204678362556e+01
9.130434782608695343e+01 1.519383930662918658e+01 8.695652173913043015e+00 8.480616069337081342e+01
8.565573770491803884e+01 1.530996353370191798e+01 1.434426229508196649e+01 8.469003646629808202e+01
8.648648648648648418e+01 1.499558173784977733e+01 1.351351351351351404e+01 8.500441826215021024e+01
9.035087719298246611e+01 1.487237059796738237e+01 9.649122807017542769e+00 8.512762940203261053e+01
8.713235294117647811e+01 1.548602566356125898e+01 1.286764705882352899e+01 8.451397433643874990e+01
9.198113207547169168e+01 1.488627726129918827e+01 8.018867924528301216e+00 8.511372273870081528e+01
9.016393442622950261e+01 1.499853587115666187e+01 9.836065573770492065e+00 8.500146412884333813e+01
8.962655601659751881e+01 1.500732493407559431e+01 1.037344398340249008e+01 8.499267506592440213e+01
8.960000000000000853e+01 1.493159875156783123e+01 1.040000000000000036e+01 8.506840124843216699e+01
8.865546218487394015e+01 1.478029683300222175e+01 1.134453781512605097e+01 8.521970316699778891e+01
8.936170212765956933e+01 1.507385393985758704e+01 1.063829787234042534e+01 8.492614606014241474e+01
9.262672811059907474e+01 1.501998191417986739e+01 7.373271889400921708e+00 8.498001808582013439e+01
9.227467811158798838e+01 1.504282498757637043e+01 7.725321888412017834e+00 8.495717501242363312e+01
9.099099099099099419e+01 1.489236733135590818e+01 9.009009009009009361e+00 8.510763266864410070e+01
8.898305084745761917e+01 1.489224831135413396e+01 1.101694915254237195e+01 8.510775168864587670e+01
8.745519713261649031e+01 1.516590473381507209e+01 1.254480286738351147e+01 8.483409526618493146e+01
9.033613445378151141e+01 1.487540086498573011e+01 9.663865546218488589e+00 8.512459913501426456e+01
9.103139013452914696e+01 1.505060877218717863e+01 8.968609865470851261e+00 8.494939122781282492e+01
9.452736318407960425e+01 1.517263785923147523e+01 5.472636815920398412e+00 8.482736214076852832e+01
8.897637795275589667e+01 1.478426768417963011e+01 1.102362204724409445e+01 8.521573231582037522e+01
9.052132701421801642e+01 1.529353146340748637e+01 9.478672985781990690e+00 8.470646853659251008e+01
9.170305676855895172e+01 1.516664219644692579e+01 8.296943231441048283e+00 8.483335780355307065e+01
9.320388349514563231e+01 1.510230403939731580e+01 6.796116504854368578e+00 8.489769596060267531e+01
8.811475409836066319e+01 1.503020046103119256e+01 1.188524590163934391e+01 8.496979953896880033e+01
9.029535864978902282e+01 1.484584060500290725e+01 9.704641350210970074e+00 8.515415939499708031e+01
8.931297709923664740e+01 1.546235177288393103e+01 1.068702290076335792e+01 8.453764822711606541e+01
8.595317725752508409e+01 1.484033662727619252e+01 1.404682274247491591e+01 8.515966337272379860e+01
9.269406392694064323e+01 1.496456372719879369e+01 7.305936073059360325e+00 8.503543627280120631e+01
9.051094890510948687e+01 1.500802802510582445e+01 9.489051094890509574e+00 8.499197197489417022e+01
8.941176470588236214e+01 1.517214951067091278e+01 1.058823529411764675e+01 8.482785048932909433e+01
9.273504273504273954e+01 1.515913877837584955e+01 7.264957264957265792e+00 8.484086122162415222e+01
9.062500000000000000e+01 1.530099597496841746e+01 9.375000000000000000e+00 8.469900402503158432e+01
8.982300884955751030e+01 1.497253146527918943e+01 1.017699115044247904e+01 8.502746853472081057e+01
9.210526315789473983e+01 1.492302309307208041e+01 7.894736842105262831e+00 8.507697690692792492e+01
8.674242424242424931e+01 1.521962082808333605e+01 1.325757575757575779e+01 8.478037917191666395e+01
9.375000000000000000e+01 1.498151516929757676e+01 6.250000000000000000e+00 8.501848483070241969e+01
9.174311926605504652e+01 1.506442610296300799e+01 8.256880733944955253e+00 8.493557389703700267e+01
8.859649122807017818e+01 1.494550810014727560e+01 1.140350877192982360e+01 8.505449189985272085e+01
8.849557522123893705e+01 1.519953223212980653e+01 1.150442477876106118e+01 8.480046776787018814e+01
8.932806324110671881e+01 1.513052588690666767e+01 1.067193675889327942e+01 8.486947411309333233e+01
9.075630252100840778e+01 1.508941659337437713e+01 9.243697478991597549e+00 8.491058340662563353e+01
8.983050847457627697e+01 1.484883720930232620e+01 1.016949152542373014e+01 8.515116279069768268e+01
8.801652892561982355e+01 1.501327963108892938e+01 1.198347107438016579e+01 8.498672036891107950e+01
9.067796610169492055e+01 1.540243366075355524e+01 9.322033898305084776e+00 8.459756633924644120e+01
8.614232209737828327e+01 1.509012277595564910e+01 1.385767790262172383e+01 8.490987722404435090e+01
9.043824701195218552e+01 1.495093718784887571e+01 9.561752988047809154e+00 8.504906281215112074e+01
8.832684824902723619e+01 1.516197945626408305e+01 1.167315175097276203e+01 8.483802054373590806e+01
8.966942148760330156e+01 1.485817461704234432e+01 1.033057851239669489e+01 8.514182538295766278e+01
8.803418803418803407e+01 1.500190230911059786e+01 1.196581196581196593e+01 8.499809769088940925e+01
8.981481481481480955e+01 1.544297818321376781e+01 1.018518518518518512e+01 8.455702181678623219e+01
8.555956678700360385e+01 1.470605508897633307e+01 1.444043321299638905e+01 8.529394491102367226e+01
8.969957081545064170e+01 1.478232809199718467e+01 1.030042918454935652e+01 8.521767190800281355e+01
8.795180722891565495e+01 1.483197466424256739e+01 1.204819277108433795e+01 8.516802533575743439e+01
8.658536585365853000e+01 1.534908197871594027e+01 1.341463414634146467e+01 8.465091802128405618e+01
9.320388349514563231e+01 1.488938893597124213e+01 6.796116504854368578e+00 8.511061106402874543e+01
9.196428571428570820e+01 1.505561556651971955e+01 8.035714285714286476e+00 8.494438443348028045e+01
8.967136150234740910e+01 1.509422902195257699e+01 1.032863849765258202e+01 8.490577097804742834e+01
8.864468864468864240e+01 1.502491937848138193e+01 1.135531135531135583e+01 8.497508062151861452e+01
9.065420560747664069e+01 1.514063088375865362e+01 9.345794392523364635e+00 8.485936911624133927e+01
8.977777777777777146e+01 1.529954185999007876e+01 1.022222222222222321e+01 8.470045814000992834e+01
9.292452830188679513e+01 1.507351862178264490e+01 7.075471698113207530e+00 8.492648137821736043e+01
9.298245614035087669e+01 1.502377737333411645e+01 7.017543859649122417e+00 8.497622262666588711e+01
9.022222222222222854e+01 1.487487194497292542e+01 9.777777777777778567e+00 8.512512805502707636e+01
8.883720930232557578e+01 1.491035008950318286e+01 1.116279069767441889e+01 8.508964991049681714e+01
9.346733668341708778e+01 1.472716661803326588e+01 6.532663316582914881e+00 8.527283338196673412e+01
9.267241379310344485e+01 1.518021573270192093e+01 7.327586206896550713e+00 8.481978426729807552e+01
9.056603773584906492e+01 1.517155849524596789e+01 9.433962264150943966e+00 8.482844150475402500e+01
9.223744292237442721e+01 1.510516809415603312e+01 7.762557077625570123e+00 8.489483190584397221e+01
9.240506329113924266e+01 1.497060286073653756e+01 7.594936708860760000e+00 8.502939713926346599e+01
8.841698841698841704e+01 1.540536578214338270e+01 1.158301158301158296e+01 8.459463421785662263e+01
8.786885245901639507e+01 1.499647141848976872e+01 1.213114754098360670e+01 8.500352858151023838e+01
8.913857677902620935e+01 1.495672583247763043e+01 1.086142322097378354e+01 8.504327416752236957e+01
9.380952380952381020e+01 1.514991955536053858e+01 6.190476190476190688e+00 8.485008044463945964e+01
9.014084507042254302e+01 1.484436650591845819e+01 9.859154929577464088e+00 8.515563349408154181e+01
8.754448398576512602e+01 1.545497323686841895e+01 1.245551601423487575e+01 8.454502676313157394e+01
8.846153846153845279e+01 1.508718726307808922e+01 1.153846153846153832e+01 8.491281273692190723e+01
8.980392156862745878e+01 1.510734396996715212e+01 1.019607843137254832e+01 8.489265603003285321e+01
8.965517241379311031e+01 1.499869273450890361e+01 1.034482758620689680e+01 8.500130726549109283e+01
9.252336448598130403e+01 1.520460993945066974e+01 7.476635514018690643e+00 8.479539006054933736e+01
9.047619047619048160e+01 1.513643283756880287e+01 9.523809523809523725e+00 8.486356716243119536e+01
8.416988416988417043e+01 1.522418577479187896e+01 1.583011583011582957e+01 8.477581422520812282e+01
9.125475285171103224e+01 1.505581109190519484e+01 8.745247148288973094e+00 8.494418890809481582e+01
8.981481481481480955e+01 1.493736982604359298e+01 1.018518518518518512e+01 8.506263017395640702e+01
8.774703557312253110e+01 1.533404092222418669e+01 1.225296442687747067e+01 8.466595907777580976e+01
9.111111111111111427e+01 1.518315445636957506e+01 8.888888888888889284e+00 8.481684554363042139e+01
9.454545454545454675e+01 1.539355213476619255e+01 5.454545454545454142e+00 8.460644786523380390e+01
9.103139013452914696e+01 1.514449850518787777e+01 8.968609865470851261e+00 8.485550149481213111e+01
9.276595744680851396e+01 1.483758193736343678e+01 7.234042553191488700e+00 8.516241806263656144e+01
9.027777777777778567e+01 1.502092293386028032e+01 9.722222222222223209e+00 8.497907706613972323e+01
9.112149532710280653e+01 1.505109489051094940e+01 8.878504672897195249e+00 8.494890510948904705e+01
8.992537313432835333e+01 1.485260770975056843e+01 1.007462686567164134e+01 8.514739229024942802e+01
8.722627737226277134e+01 1.511029196653209361e+01 1.277372262773722689e+01 8.488970803346789751e+01
9.039301310043667570e+01 1.543870014771048815e+01 9.606986899563318971e+00 8.456129985228952251e+01
9.128440366972476738e+01 1.482551421308065720e+01 8.715596330275229064e+00 8.517448578691933392e+01
8.842975206611571082e+01 1.511298601687415299e+01 1.157024793388429806e+01 8.488701398312585411e+01
8.791666666666667140e+01 1.507070825860700403e+01 1.208333333333333393e+01 8.492929174139300130e+01
9.004149377593361692e+01 1.533315806385651392e+01 9.958506224066390189e+00 8.466684193614348430e+01
8.986784140969163559e+01 1.499561275226674617e+01 1.013215859030836974e+01 8.500438724773326271e+01
9.241706161137440745e+01 1.493927602877019289e+01 7.582938388625592552e+00 8.506072397122980533e+01
8.806584362139918198e+01 1.496515323827020083e+01 1.193415637860082334e+01 8.503484676172979562e+01
9.086956521739129755e+01 1.496568842166739799e+01 9.130434782608695343e+00 8.503431157833260556e+01
9.248826291079812734e+01 1.512260391518077896e+01 7.511737089201877993e+00 8.487739608481922460e+01
9.030837004405286450e+01 1.524971406786122863e+01 9.691629955947137276e+00 8.475028593213876604e+01
8.740157480314960026e+01 1.502801533470952400e+01 1.259842519685039264e+01 8.497198466529047778e+01
8.625000000000000000e+01 1.492646627995546993e+01 1.375000000000000178e+01 8.507353372004452297e+01
9.651741293532339228e+01 1.490194940821536207e+01 3.482587064676617050e+00 8.509805059178464148e+01
8.745387453874539574e+01 1.451819505094614193e+01 1.254612546125461137e+01 8.548180494905385274e+01
9.288888888888888573e+01 1.490275100753460613e+01 7.111111111111110716e+00 8.509724899246539565e+01
8.804780876494024255e+01 1.504012653037314706e+01 1.195219123505976100e+01 8.495987346962685649e+01
9.147982062780269530e+01 1.502465946453733991e+01 8.520179372197308254e+00 8.497534053546266364e+01
8.915094339622640973e+01 1.521668870280593566e+01 1.084905660377358494e+01 8.478331129719406078e+01
9.147982062780269530e+01 1.497963847303196516e+01 8.520179372197308254e+00 8.502036152696803128e+01
8.915662650602409656e+01 1.487375220199647607e+01 1.084337349397590344e+01 8.512624779800351860e+01
8.884615384615383959e+01 1.491882924517122788e+01 1.115384615384615508e+01 8.508117075482877567e+01
9.269406392694064323e+01 1.518771831978160591e+01 7.305936073059360325e+00 8.481228168021839053e+01
9.158878504672897236e+01 1.472205795387344551e+01 8.411214953271027639e+00 8.527794204612655449e+01
8.941176470588236214e+01 1.518099280745195045e+01 1.058823529411764675e+01 8.481900719254804244e+01
8.963963963963963977e+01 1.504934210526315752e+01 1.036036036036036023e+01 8.495065789473684958e+01
8.750000000000000000e+01 1.505997850649161940e+01 1.250000000000000000e+01 8.494002149350838238e+01
9.469026548672566435e+01 1.504303026754873684e+01 5.309734513274336543e+00 8.495696973245125605e+01
8.925619834710744271e+01 1.489032333440429845e+01 1.074380165289256261e+01 8.510967666559569977e+01
8.775510204081632537e+01 1.518444548872180455e+01 1.224489795918367285e+01 8.481555451127819367e+01
8.820960698689955848e+01 1.508592879347762405e+01 1.179039301310043619e+01 8.491407120652237950e+01
9.190283400809717307e+01 1.481894150417827305e+01 8.097165991902834037e+00 8.518105849582173050e+01
8.674242424242424931e+01 1.489175468284997272e+01 1.325757575757575779e+01 8.510824531715002195e+01
9.047619047619048160e+01 1.508925466558479123e+01 9.523809523809523725e+00 8.491074533441521055e+01
8.616600790513834340e+01 1.503273679615888270e+01 1.383399209486166015e+01 8.496726320384111375e+01
8.617886178861789404e+01 1.494051784464660670e+01 1.382113821138211485e+01 8.505948215535339330e+01
9.112149532710280653e+01 1.504257607021418863e+01 8.878504672897195249e+00 8.495742392978581847e+01
8.765432098765431590e+01 1.498580169208700497e+01 1.234567901234567877e+01 8.501419830791299148e+01
9.012345679012345556e+01 1.477648286658549459e+01 9.876543209876542662e+00 8.522351713341450363e+01
8.750000000000000000e+01 1.540787272140194375e+01 1.250000000000000000e+01 8.459212727859805625e+01
8.821138211382113070e+01 1.522219637040483953e+01 1.178861788617886219e+01 8.477780362959515514e+01
9.455445544554454784e+01 1.496810648647074160e+01 5.445544554455445940e+00 8.503189351352925485e+01
8.915662650602409656e+01 1.500176283934657384e+01 1.084337349397590344e+01 8.499823716065341728e+01
9.094827586206896797e+01 1.501505891985145702e+01 9.051724137931033809e+00 8.498494108014854476e+01
9.327354260089686022e+01 1.519696527575138667e+01 6.726457399103138890e+00 8.480303472424861866e+01
8.865546218487394015e+01 1.513835029302854274e+01 1.134453781512605097e+01 8.486164970697144838e+01
9.086956521739129755e+01 1.508735089100825277e+01 9.130434782608695343e+00 8.491264910899174367e+01
8.733624454148471727e+01 1.509334735734945987e+01 1.266375545851528273e+01 8.490665264265054191e+01
8.755364806866953131e+01 1.507790347569352996e+01 1.244635193133047224e+01 8.492209652430646827e+01
9.238095238095237960e+01 1.508404342243492557e+01 7.619047619047619513e+00 8.491595657756508331e+01
8.669064748201439841e+01 1.521350487969285759e+01 1.330935251798561225e+01 8.478649512030713709e+01
9.411764705882352189e+01 1.511269136963356807e+01 5.882352941176470118e+00 8.488730863036643370e+01
8.863636363636364024e+01 1.507242976951498292e+01 1.136363636363636331e+01 8.492757023048501708e+01
8.834080717488788537e+01 1.512678775116258834e+01 1.165919282511210753e+01 8.487321224883741877e+01
9.140625000000000000e+01 1.496769667027216499e+01 8.593750000000000000e+00 8.503230332972783856e+01
9.244444444444444287e+01 1.499171005555717251e+01 7.555555555555555358e+00 8.500828994444282216e+01
9.193548387096774377e+01 1.505379487779207004e+01 8.064516129032258007e+00 8.494620512220792818e+01
9.255813953488372192e+01 1.504779433592590365e+01 7.441860465116278966e+00 8.495220566407409990e+01
8.437500000000000000e+01 1.523328537451918763e+01 1.562500000000000000e+01 8.476671462548081593e+01
9.173913043478260931e+01 1.536862446565555906e+01 8.260869565217390686e+00 8.463137553434444271e+01
8.706896551724138078e+01 1.461601739232622421e+01 1.293103448275862100e+01 8.538398260767378645e+01
8.826291079812206419e+01 1.522793687901811666e+01 1.173708920187793403e+01 8.477206312098188334e+01
8.947368421052631504e+01 1.523514995915509473e+01 1.052631578947368318e+01 8.476485004084490527e+01
8.888888888888888573e+01 1.483680393074403270e+01 1.111111111111111072e+01 8.516319606925596020e+01
8.516129032258064058e+01 1.502213881476703072e+01 1.483870967741935409e+01 8.497786118523296750e+01
8.841201716738197547e+01 1.472668055514803065e+01 1.158798283261802453e+01 8.527331944485196402e+01
9.059829059829060327e+01 1.515568704414306289e+01 9.401709401709402059e+00 8.484431295585693533e+01
8.763636363636364024e+01 1.502863152974173211e+01 1.236363636363636331e+01 8.497136847025826967e+01
9.230769230769230660e+01 1.503338800374882922e+01 7.692307692307692513e+00 8.496661199625117433e+01
8.965517241379311031e+01 1.524445883495717169e+01 1.034482758620689680e+01 8.475554116504282831e+01
8.978723404255319451e+01 1.507545022036718052e+01 1.021276595744680726e+01 8.492454977963281237e+01
9.107142857142856940e+01 1.525393735622013835e+01 8.928571428571428825e+00 8.474606264377986520e+01
9.000000000000000000e+01 1.501622664678536978e+01 1.000000000000000000e+01 8.498377335321463022e+01
9.087301587301587347e+01 1.495137046861184871e+01 9.126984126984126533e+00 8.504862953138815840e+01
8.947368421052631504e+01 1.509979835763756917e+01 1.052631578947368318e+01 8.490020164236243261e+01
8.687258687258687928e+01 1.527814126610253176e+01 1.312741312741312605e+01 8.472185873389747712e+01
8.354838709677419217e+01 1.497669510157418138e+01 1.645161290322580783e+01 8.502330489842582040e+01
9.244444444444444287e+01 1.518597144269636701e+01 7.555555555555555358e+00 8.481402855730362944e+01
9.077490774907749937e+01 1.497642899233942160e+01 9.225092250922509507e+00 8.502357100766057840e+01
8.888888888888888573e+01 1.514963880288957654e+01 1.111111111111111072e+01 8.485036119711043057e+01
8.714859437751003668e+01 1.509096768523130194e+01 1.285140562248995799e+01 8.490903231476869450e+01
8.723404255319150025e+01 1.505436709608793322e+01 1.276595744680851041e+01 8.494563290391207033e+01
9.310344827586206407e+01 1.471161397283383110e+01 6.896551724137930606e+00 8.528838602716616890e+01
9.055793991416308586e+01 1.533216783216783163e+01 9.442060085836910588e+00 8.466783216783217370e+01
8.869257950530034407e+01 1.494470866279578658e+01 1.130742049469964705e+01 8.505529133720420987e+01
8.671586715867158546e+01 1.502784030328160014e+01 1.328413284132841454e+01 8.497215969671839275e+01
8.898305084745761917e+01 1.527573853291830730e+01 1.101694915254237195e+01 8.472426146708170336e+01
8.595041322314050092e+01 1.501752732200194451e+01 1.404958677685950441e+01 8.498247267799806082e+01
8.750000000000000000e+01 1.523211678832116789e+01 1.250000000000000000e+01 8.476788321167883566e+01
8.981481481481480955e+01 1.518517435912425917e+01 1.018518518518518512e+01 8.481482564087573905e+01
9.099099099099099419e+01 1.495444825262911337e+01 9.009009009009009361e+00 8.504555174737087953e+01
9.170305676855895172e+01 1.501279750522196998e+01 8.296943231441048283e+00 8.498720249477801758e+01
8.769230769230769340e+01 1.512910832290180707e+01 1.230769230769230838e+01 8.487089167709818582e+01
8.475177304964537939e+01 1.504299264249623391e+01 1.524822695035460995e+01 8.495700735750376964e+01
9.039301310043667570e+01 1.501861569581659772e+01 9.606986899563318971e+00 8.498138430418340761e+01
9.237668161434977776e+01 1.481631589612946165e+01 7.623318385650224016e+00 8.518368410387053302e+01
9.212598425196850371e+01 1.522803705233347138e+01 7.874015748031496287e+00 8.477196294766652329e+01
9.043062200956937602e+01 1.530222105478212491e+01 9.569377990430622205e+00 8.469777894521787687e+01
9.174757281553398514e+01 1.495584020588407448e+01 8.252427184466020194e+00 8.504415979411592730e+01
9.464285714285713880e+01 1.509444996783437531e+01 5.357142857142856762e+00 8.490555003216562113e+01
9.386792452830188438e+01 1.494357055142974033e+01 6.132075471698112956e+00 8.505642944857025611e+01
9.022222222222222854e+01 1.527273791408170567e+01 9.777777777777778567e+00 8.472726208591829788e+01
8.687943262411347689e+01 1.477356001758757209e+01 1.312056737588652489e+01 8.522643998241242969e+01
8.801652892561982355e+01 1.509700176366843039e+01 1.198347107438016579e+01 8.490299823633156961e+01
9.017094017094017033e+01 1.526692708333333393e+01 9.829059829059829667e+00 8.473307291666665719e+01
9.136363636363637397e+01 1.519061583577712682e+01 8.636363636363636687e+00 8.480938416422287673e+01
8.913043478260868824e+01 1.496202752640614619e+01 1.086956521739130466e+01 8.503797247359385381e+01
8.785425101214573829e+01 1.515373782419903748e+01 1.214574898785425106e+01 8.484626217580095897e+01
9.196428571428570820e+01 1.503962379169206720e+01 8.035714285714286476e+00 8.496037620830793458e+01
8.582375478927203005e+01 1.505174587352311733e+01 1.417624521072796995e+01 8.494825412647688267e+01
8.855932203389829738e+01 1.516206804178944445e+01 1.144067796610169552e+01 8.483793195821056088e+01
8.795180722891565495e+01 1.492868833294365061e+01 1.204819277108433795e+01 8.507131166705634939e+01
8.971193415637860369e+01 1.520805132128774062e+01 1.028806584362139986e+01 8.479194867871225938e+01
8.704453441295547123e+01 1.514524031731217768e+01 1.295546558704453410e+01 8.485475968268781344e+01
8.966942148760330156e+01 1.492021044676336317e+01 1.033057851239669489e+01 8.507978955323663683e+01
8.992248062015504217e+01 1.507381050402870137e+01 1.007751937984496138e+01 8.492618949597130040e+01
8.880308880308879793e+01 1.486419174309238400e+01 1.119691119691119674e+01 8.513580825690762310e+01
9.241071428571429180e+01 1.510202884953676694e+01 7.589285714285713524e+00 8.489797115046323484e+01
8.840000000000000568e+01 1.475207703373161472e+01 1.160000000000000142e+01 8.524792296626839061e+01
9.313304721030041833e+01 1.499985391649867061e+01 6.866952789699571014e+00 8.500014608350132050e+01
8.765432098765431590e+01 1.500512070226774064e+01 1.234567901234567877e+01 8.499487929773226824e+01
8.806584362139918198e+01 1.463371837988010071e+01 1.193415637860082334e+01 8.536628162011990639e+01
9.080882352941176805e+01 1.499621234193811503e+01 9.191176470588235503e+00 8.500378765806188142e+01
8.594377510040160928e+01 1.549014423783085270e+01 1.405622489959839427e+01 8.450985576216915263e+01
9.059829059829060327e+01 1.502191369826749501e+01 9.401709401709402059e+00 8.497808630173250322e+01
8.949579831932773288e+01 1.552373110627536335e+01 1.050420168067226889e+01 8.447626889372463665e+01
8.847926267281106050e+01 1.543499424727851910e+01 1.152073732718893950e+01 8.456500575272147557e+01
9.134199134199134562e+01 1.504897073485426162e+01 8.658008658008657932e+00 8.495102926514573483e+01
8.620689655172412813e+01 1.504605339862422930e+01 1.379310344827586121e+01 8.495394660137577603e+01
8.666666666666667140e+01 1.494834801439817440e+01 1.333333333333333393e+01 8.505165198560182205e+01
9.184549356223176630e+01 1.519054652880354439e+01 8.154506437768240801e+00 8.480945347119644850e+01
9.019607843137255543e+01 1.500672947510094168e+01 9.803921568627451677e+00 8.499327052489906009e+01
8.831775700934579731e+01 1.522827687776141303e+01 1.168224299065420624e+01 8.477172312223858341e+01
9.132231404958676535e+01 1.484644632933606267e+01 8.677685950413223992e+00 8.515355367066393910e+01
9.261083743842364413e+01 1.492563378641907157e+01 7.389162561576354982e+00 8.507436621358093021e+01
8.350877192982456165e+01 1.471466198419666327e+01 1.649122807017543835e+01 8.528533801580333318e+01
9.118942731277532232e+01 1.547233645404963909e+01 8.810572687224670574e+00 8.452766354595036091e+01
8.945454545454545325e+01 1.498402836796295645e+01 1.054545454545454497e+01 8.501597163203705065e+01
8.776371308016878459e+01 1.489655577759492289e+01 1.223628691983122430e+01 8.510344422240507356e+01
9.157088122605362912e+01 1.518957555078389277e+01 8.429118773946360221e+00 8.481042444921610013e+01
9.078947368421053454e+01 1.496584619008361727e+01 9.210526315789472562e+00 8.503415380991637562e+01
9.126637554585153111e+01 1.527034535193145537e+01 8.733624454148470662e+00 8.472965464806854641e+01
8.932806324110671881e+01 1.507291913682712803e+01 1.067193675889327942e+01 8.492708086317287552e+01
9.311740890688258787e+01 1.503754952397847511e+01 6.882591093117408576e+00 8.496245047602151601e+01
9.072580645161289681e+01 1.501604970992726251e+01 9.274193548387096087e+00 8.498395029007274104e+01
