9.040000000000000568e+01 1.081890812250332878e+01 9.599999999999999645e+00 8.918109187749666944e+01
9.224137931034482563e+01 1.087088300666801466e+01 7.758620689655172598e+00 8.912911699333199067e+01
8.912133891213389347e+01 1.072294022617124476e+01 1.087866108786611008e+01 8.927705977382875346e+01
9.248826291079812734e+01 1.048092868988391402e+01 7.511737089201877993e+00 8.951907131011608953e+01
9.098712446351930794e+01 1.106512890094979618e+01 9.012875536480686733e+00 8.893487109905021271e+01
9.186602870813396748e+01 1.020987328405490935e+01 8.133971291866028963e+00 8.979012671594507822e+01
8.959276018099548367e+01 1.079261382574494910e+01 1.040723981900452522e+01 8.920738617425504913e+01
8.874458874458875357e+01 1.098156182212581378e+01 1.125541125541125531e+01 8.901843817787418800e+01
8.986784140969163559e+01 1.059907834101382562e+01 1.013215859030836974e+01 8.940092165898617793e+01
8.846153846153845279e+01 1.041694068131000961e+01 1.153846153846153832e+01 8.958305931868999039e+01
8.798449612403101128e+01 1.086227705511599950e+01 1.201550387596899228e+01 8.913772294488400405e+01
8.669201520912547210e+01 1.083133493205435727e+01 1.330798479087452435e+01 8.916866506794563918e+01
9.155555555555555713e+01 1.049760958857989479e+01 8.444444444444444642e+00 8.950239041142010876e+01
9.342723004694836675e+01 1.108117211182216266e+01 6.572769953051643910e+00 8.891882788817784444e+01
8.679245283018867951e+01 1.112093592708474965e+01 1.320754716981132049e+01 8.887906407291524147e+01
8.720538720538721122e+01 1.038022556898764215e+01 1.279461279461279410e+01 8.961977443101235963e+01
9.102564102564102200e+01 1.082286177543575256e+01 8.974358974358974450e+00 8.917713822456424566e+01
9.173553719008265261e+01 1.057135334386519254e+01 8.264462809917356267e+00 8.942864665613480213e+01
8.959107806691449127e+01 1.085459700283515616e+01 1.040892193308550162e+01 8.914540299716485094e+01
8.862745098039215463e+01 1.095679012345678949e+01 1.137254901960784359e+01 8.904320987654320163e+01
9.185520361990950278e+01 1.056674978098254591e+01 8.144796380090497223e+00 8.943325021901745231e+01
9.033613445378151141e+01 1.082748211824922890e+01 9.663865546218488589e+00 8.917251788175076399e+01
9.550000000000000000e+01 1.076923076923077005e+01 4.500000000000000000e+00 8.923076923076924061e+01
8.880308880308879793e+01 1.106847101595637284e+01 1.119691119691119674e+01 8.893152898404362361e+01
8.937007874015748143e+01 1.074212353442064583e+01 1.062992125984252034e+01 8.925787646557935773e+01
9.372384937238493308e+01 1.027973927213470873e+01 6.276150627615062483e+00 8.972026072786528061e+01
9.144144144144144093e+01 1.103726082578046430e+01 8.558558558558559071e+00 8.896273917421953570e+01
9.414414414414414978e+01 1.097642200612761521e+01 5.855855855855855552e+00 8.902357799387237947e+01
8.904109589041095774e+01 1.079321231254932911e+01 1.095890410958904049e+01 8.920678768745067089e+01
8.525179856115107668e+01 1.029726834493840393e+01 1.474820143884892154e+01 8.970273165506159785e+01
8.745644599303136602e+01 1.054903547821394838e+01 1.254355400696864109e+01 8.945096452178604807e+01
9.141630901287554423e+01 1.060411744853189475e+01 8.583690987124462879e+00 8.939588255146810525e+01
8.832684824902723619e+01 1.080991296259384704e+01 1.167315175097276203e+01 8.919008703740615829e+01
9.605911330049261210e+01 1.018015631209431682e+01 3.940886699507389235e+00 8.981984368790568851e+01
8.969957081545064170e+01 1.075573727248747069e+01 1.030042918454935652e+01 8.924426272751252043e+01
9.363636363636364024e+01 1.060152874709205584e+01 6.363636363636363313e+00 8.939847125290793883e+01
9.178082191780822541e+01 1.079034548035967767e+01 8.219178082191779922e+00 8.920965451964032411e+01
8.429752066115702291e+01 1.036181990009450615e+01 1.570247933884297531e+01 8.963818009990549740e+01
8.906882591093116730e+01 1.038549669766814887e+01 1.093117408906882559e+01 8.961450330233185468e+01
8.602150537634408067e+01 1.033347056401811415e+01 1.397849462365591222e+01 8.966652943598188585e+01
8.991935483870967971e+01 1.074021304023339418e+01 1.008064516129032206e+01 8.925978695976660049e+01
9.295774647887323283e+01 1.089877777027483319e+01 7.042253521126760951e+00 8.910122222972516681e+01
8.853754940711462496e+01 1.071099407504937595e+01 1.146245059288537504e+01 8.928900592495062938e+01
8.870292887029287954e+01 1.019862235003009410e+01 1.129707112970711336e+01 8.980137764996990768e+01
9.259259259259259522e+01 1.040331196581196593e+01 7.407407407407406552e+00 8.959668803418803407e+01
8.727915194346289240e+01 1.065285249385667754e+01 1.272084805653710049e+01 8.934714750614331535e+01
9.058823529411765207e+01 1.070518836305134691e+01 9.411764705882353255e+00 8.929481163694865131e+01
8.973214285714286120e+01 1.019578619334733460e+01 1.026785714285714235e+01 8.980421380665266895e+01
8.790322580645161565e+01 1.067124486635696456e+01 1.209677419354838790e+01 8.932875513364302833e+01
8.892988929889298788e+01 1.049227207734731415e+01 1.107011070110701034e+01 8.950772792265269118e+01
8.521126760563379321e+01 1.045971595880729588e+01 1.478873239436619613e+01 8.954028404119270590e+01
9.094827586206896797e+01 1.084796515584592314e+01 9.051724137931033809e+00 8.915203484415407331e+01
9.291666666666667140e+01 1.042473666326877257e+01 7.083333333333333037e+00 8.957526333673122565e+01
9.098712446351930794e+01 1.017722878625134264e+01 9.012875536480686733e+00 8.982277121374865203e+01
9.173553719008265261e+01 1.039219589886521966e+01 8.264462809917356267e+00 8.960780410113477501e+01
8.783783783783783861e+01 1.106786835996176421e+01 1.216216216216216317e+01 8.893213164003823579e+01
8.577235772357722965e+01 1.022460610124036151e+01 1.422764227642276325e+01 8.977539389875963138e+01
8.844765342960289445e+01 1.043789218001484365e+01 1.155234657039711266e+01 8.956210781998515813e+01
8.933333333333332860e+01 1.050562920524948396e+01 1.066666666666666785e+01 8.949437079475052315e+01
8.741258741258741338e+01 1.091523134076325618e+01 1.258741258741258839e+01 8.908476865923674382e+01
8.841201716738197547e+01 1.032612380500372851e+01 1.158798283261802453e+01 8.967387619499626794e+01
9.118942731277532232e+01 1.107556977209116411e+01 8.810572687224670574e+00 8.892443022790882878e+01
9.497716894977168067e+01 1.096778461334920962e+01 5.022831050228310446e+00 8.903221538665079038e+01
9.213973799126637232e+01 1.067249495628782796e+01 7.860262008733625017e+00 8.932750504371217914e+01
9.111111111111111427e+01 1.003975473350852354e+01 8.888888888888889284e+00 8.996024526649148356e+01
8.945312500000000000e+01 1.098269848868221388e+01 1.054687500000000000e+01 8.901730151131779678e+01
9.348837209302325846e+01 1.045497248691450842e+01 6.511627906976744207e+00 8.954502751308550046e+01
8.750000000000000000e+01 1.066106479354033887e+01 1.250000000000000000e+01 8.933893520645965225e+01
9.269406392694064323e+01 1.072897700451817471e+01 7.305936073059360325e+00 8.927102299548182884e+01
8.640350877192982182e+01 1.059575900370245627e+01 1.359649122807017640e+01 8.940424099629754551e+01
8.873873873873874629e+01 1.070946857297005650e+01 1.126126126126126081e+01 8.929053142702994705e+01
9.220183486238532566e+01 1.068867541604654292e+01 7.798165137614679665e+00 8.931132458395344997e+01
9.078341013824883987e+01 1.077669257856620710e+01 9.216589861751153023e+00 8.922330742143380178e+01
8.943089430894308123e+01 1.069658405894172937e+01 1.056910569105691167e+01 8.930341594105827596e+01
9.066666666666665719e+01 1.056390721719610859e+01 9.333333333333333925e+00 8.943609278280388253e+01
8.517110266159694731e+01 1.057826985926765850e+01 1.482889733840304025e+01 8.942173014073235038e+01
9.311926605504586973e+01 1.068413004454491144e+01 6.880733944954128489e+00 8.931586995545508501e+01
8.870967741935483275e+01 1.066086841931870666e+01 1.129032258064516014e+01 8.933913158068129690e+01
9.062500000000000000e+01 1.101028433151845043e+01 9.375000000000000000e+00 8.898971566848155135e+01
9.270386266094419625e+01 1.097381779321399975e+01 7.296137339055793980e+00 8.902618220678600380e+01
8.769230769230769340e+01 1.074056885235032865e+01 1.230769230769230838e+01 8.925943114764966424e+01
8.755020080321284581e+01 1.057137033765880929e+01 1.244979919678714708e+01 8.942862966234119426e+01
9.000000000000000000e+01 1.079059829059829134e+01 1.000000000000000000e+01 8.920940170940171754e+01
9.049773755656109131e+01 1.074557004346372402e+01 9.502262443438914019e+00 8.925442995653627065e+01
8.750000000000000000e+01 1.066450128569495170e+01 1.250000000000000000e+01 8.933549871430504652e+01
8.961038961038960338e+01 1.058259081562714243e+01 1.038961038961038952e+01 8.941740918437285757e+01
9.170731707317074211e+01 1.053551031378082392e+01 8.292682926829268553e+00 8.946448968621916720e+01
8.854961832061069060e+01 1.072761804964306798e+01 1.145038167938931295e+01 8.927238195035693025e+01
9.174311926605504652e+01 1.021588539915259908e+01 8.256880733944955253e+00 8.978411460084740270e+01
8.766519823788546262e+01 1.060951105157401209e+01 1.233480176211453738e+01 8.939048894842598258e+01
8.717948717948718240e+01 1.062329541674981748e+01 1.282051282051281937e+01 8.937670458325018785e+01
8.501628664495115117e+01 1.055015319035566890e+01 1.498371335504886126e+01 8.944984680964432755e+01
8.870967741935483275e+01 1.056750136091453385e+01 1.129032258064516014e+01 8.943249863908546615e+01
8.913043478260868824e+01 1.041996830427892107e+01 1.086956521739130466e+01 8.958003169572107538e+01
9.234042553191488878e+01 1.066824519863193821e+01 7.659574468085105892e+00 8.933175480136806357e+01
9.130434782608695343e+01 1.007126529514589208e+01 8.695652173913043015e+00 8.992873470485410792e+01
9.121338912133892052e+01 1.037333333333333307e+01 8.786610878661086588e+00 8.962666666666666515e+01
8.924302788844620693e+01 1.072671306209850073e+01 1.075697211155378419e+01 8.927328693790150282e+01
8.807692307692308020e+01 1.044008124576845020e+01 1.192307692307692335e+01 8.955991875423154625e+01
9.110169491525424235e+01 1.027319484336383582e+01 8.898305084745762983e+00 8.972680515663616063e+01
8.846153846153845279e+01 1.043213149522799554e+01 1.153846153846153832e+01 8.956786850477200801e+01
9.141630901287554423e+01 1.056448853917208375e+01 8.583690987124462879e+00 8.943551146082792513e+01
9.141630901287554423e+01 1.062957737015386783e+01 8.583690987124462879e+00 8.937042262984613217e+01
8.713235294117647811e+01 1.066394279877425966e+01 1.286764705882352899e+01 8.933605720122574212e+01
9.237668161434977776e+01 1.069824418129848809e+01 7.623318385650224016e+00 8.930175581870150836e+01
9.198113207547169168e+01 1.086623610093881176e+01 8.018867924528301216e+00 8.913376389906119357e+01
8.815165876777251697e+01 1.046344959388437523e+01 1.184834123222748836e+01 8.953655040611562299e+01
8.698884758364312120e+01 1.017627118644067785e+01 1.301115241635687703e+01 8.982372881355932748e+01
9.216589861751151602e+01 1.069258809234507979e+01 7.834101382488478649e+00 8.930741190765492377e+01
8.796680497925311215e+01 1.061796281749148996e+01 1.203319502074688785e+01 8.938203718250851182e+01
8.410852713178294948e+01 1.092046830843762706e+01 1.589147286821705407e+01 8.907953169156238005e+01
8.853754940711462496e+01 1.011388286334056374e+01 1.146245059288537504e+01 8.988611713665943626e+01
8.823529411764705799e+01 1.072565667285752333e+01 1.176470588235294024e+01 8.927434332714247489e+01
9.126213592233010274e+01 1.098901098901098905e+01 8.737864077669902585e+00 8.901098901098900740e+01
8.904109589041095774e+01 1.104315324498810824e+01 1.095890410958904049e+01 8.895684675501189531e+01
8.951612903225806406e+01 9.798290598290599007e+00 1.048387096774193594e+01 9.020170940170940810e+01
9.153225806451612812e+01 1.092555331991951739e+01 8.467741935483870108e+00 8.907444668008048438e+01
9.008264462809917461e+01 1.048922891081135411e+01 9.917355371900827166e+00 8.951077108918865122e+01
9.320000000000000284e+01 1.091079686348099997e+01 6.800000000000000711e+00 8.908920313651900358e+01
9.072580645161289681e+01 1.091393078970718733e+01 9.274193548387096087e+00 8.908606921029281978e+01
9.360000000000000853e+01 1.071112623341272574e+01 6.400000000000000355e+00 8.928887376658727248e+01
9.318181818181817277e+01 1.068367276966330692e+01 6.818181818181817455e+00 8.931632723033669663e+01
9.142857142857143060e+01 1.037178139779295982e+01 8.571428571428571175e+00 8.962821860220704195e+01
8.909090909090909349e+01 1.092641394688830303e+01 1.090909090909090828e+01 8.907358605311169697e+01
8.647686832740212992e+01 1.120010679482045113e+01 1.352313167259786653e+01 8.879989320517954354e+01
8.781512605042016162e+01 1.089700550557271441e+01 1.218487394957983128e+01 8.910299449442729269e+01
8.787878787878787534e+01 1.081453305351521621e+01 1.212121212121212110e+01 8.918546694648478024e+01
9.128440366972476738e+01 1.090672866520787743e+01 8.715596330275229064e+00 8.909327133479212080e+01
9.244444444444444287e+01 1.042374032323781030e+01 7.555555555555555358e+00 8.957625967676219148e+01
8.930041152263375182e+01 9.993224932249322734e+00 1.069958847736625529e+01 9.000677506775068082e+01
8.828451882845187981e+01 1.069607167470709896e+01 1.171548117154811663e+01 8.930392832529290104e+01
8.955823293172690569e+01 1.048118151500714568e+01 1.044176706827309253e+01 8.951881848499286320e+01
8.705882352941176805e+01 1.074978027178689821e+01 1.294117647058823728e+01 8.925021972821309646e+01
8.984375000000000000e+01 1.086649161785497952e+01 1.015625000000000000e+01 8.913350838214502403e+01
8.638132295719844933e+01 1.108793648657740682e+01 1.361867704280155600e+01 8.891206351342259495e+01
8.646616541353382956e+01 1.100297914597815385e+01 1.353383458646616511e+01 8.899702085402184082e+01
9.000000000000000000e+01 1.076354517257308885e+01 1.000000000000000000e+01 8.923645482742691115e+01
8.970588235294117396e+01 1.072924283720002592e+01 1.029411764705882248e+01 8.927075716279998119e+01
9.247787610619468524e+01 1.056725224621161274e+01 7.522123893805310324e+00 8.943274775378839081e+01
8.566433566433566682e+01 1.050182784978398232e+01 1.433566433566433673e+01 8.949817215021602124e+01
8.907563025210085073e+01 1.052841740982297303e+01 1.092436974789915993e+01 8.947158259017702164e+01
8.096774193548387188e+01 1.069903948772678781e+01 1.903225806451612812e+01 8.930096051227320686e+01
8.844621513944223068e+01 1.041274536165635922e+01 1.155378486055776754e+01 8.958725463834363723e+01
9.116279069767442422e+01 1.090541905082463892e+01 8.837209302325581106e+00 8.909458094917536641e+01
8.963963963963963977e+01 1.049870509329968726e+01 1.036036036036036023e+01 8.950129490670030918e+01
8.844444444444444287e+01 1.072473404255319096e+01 1.155555555555555536e+01 8.927526595744680549e+01
9.051383399209485958e+01 1.030927835051546282e+01 9.486166007905136865e+00 8.969072164948454429e+01
8.990825688073394417e+01 1.054157332981947626e+01 1.009174311926605583e+01 8.945842667018052907e+01
9.336492890995261007e+01 1.022796045995561798e+01 6.635071090047393483e+00 8.977203954004437492e+01
9.122807017543858876e+01 1.061916529379461771e+01 8.771929824561402356e+00 8.938083470620537696e+01
9.176470588235294201e+01 1.137525732120326616e+01 8.235294117647057988e+00 8.862474267879673562e+01
9.025423728813559876e+01 1.086142322097378354e+01 9.745762711864406569e+00 8.913857677902620935e+01
8.475836431226765910e+01 1.118529781185958960e+01 1.524163568773234090e+01 8.881470218814041573e+01
9.192307692307691980e+01 1.069553805774278210e+01 8.076923076923076650e+00 8.930446194225721968e+01
9.272727272727271952e+01 1.067404493632908924e+01 7.272727272727272485e+00 8.932595506367091787e+01
9.243697478991596483e+01 1.092848517375553463e+01 7.563025210084033390e+00 8.907151482624446714e+01
9.041666666666667140e+01 1.052415210688591962e+01 9.583333333333333925e+00 8.947584789311407860e+01
9.423076923076922640e+01 1.074829931972789154e+01 5.769230769230769162e+00 8.925170068027210846e+01
9.090909090909090651e+01 1.060059074499507759e+01 9.090909090909091717e+00 8.939940925500492597e+01
8.547717842323650927e+01 1.076684217631969709e+01 1.452282157676348717e+01 8.923315782368030114e+01
8.345588235294117396e+01 1.064322073114298917e+01 1.654411764705882248e+01 8.935677926885701083e+01
8.857142857142856940e+01 1.048436541998773741e+01 1.142857142857142883e+01 8.951563458001226081e+01
9.121338912133892052e+01 1.061604292603409583e+01 8.786610878661086588e+00 8.938395707396590240e+01
8.836206896551723844e+01 1.070702966273872292e+01 1.163793103448275801e+01 8.929297033726128063e+01
8.928571428571429180e+01 1.064454458555236904e+01 1.071428571428571352e+01 8.935545541444763273e+01
8.973214285714286120e+01 1.044674937292386829e+01 1.026785714285714235e+01 8.955325062707612460e+01
8.980392156862745878e+01 1.063743948359332947e+01 1.019607843137254832e+01 8.936256051640667408e+01
9.176470588235294201e+01 1.039832001083864021e+01 8.235294117647057988e+00 8.960167998916136867e+01
8.472222222222221433e+01 1.105729310822031586e+01 1.527777777777777857e+01 8.894270689177969302e+01
9.276018099547511042e+01 1.070428171268507356e+01 7.239819004524887802e+00 8.929571828731492644e+01
8.874458874458875357e+01 1.061169313957418048e+01 1.125541125541125531e+01 8.938830686042581419e+01
9.383259911894272420e+01 1.052135889673730240e+01 6.167400881057268691e+00 8.947864110326270293e+01
8.963963963963963977e+01 1.102440976390556315e+01 1.036036036036036023e+01 8.897559023609443329e+01
9.305555555555555713e+01 1.085495362279876375e+01 6.944444444444444642e+00 8.914504637720122560e+01
9.380530973451327270e+01 1.038744154976619960e+01 6.194690265486725522e+00 8.961255845023380573e+01
9.166666666666665719e+01 1.027085009385894310e+01 8.333333333333332149e+00 8.972914990614106046e+01
8.781512605042016162e+01 1.098502652252736134e+01 1.218487394957983128e+01 8.901497347747263689e+01
8.833333333333332860e+01 1.120209410027518615e+01 1.166666666666666607e+01 8.879790589972481030e+01
8.800000000000000000e+01 1.076628614396062744e+01 1.200000000000000000e+01 8.923371385603937256e+01
9.636363636363635976e+01 1.057893670201985969e+01 3.636363636363636243e+00 8.942106329798014031e+01
8.735177865612648418e+01 1.062462740941908912e+01 1.264822134387351760e+01 8.937537259058090910e+01
9.079999999999999716e+01 1.073880241962890025e+01 9.199999999999999289e+00 8.926119758037110330e+01
8.594377510040160928e+01 1.058576839826839766e+01 1.405622489959839427e+01 8.941423160173160056e+01
8.990825688073394417e+01 1.048219435316209491e+01 1.009174311926605583e+01 8.951780564683789976e+01
8.878923766816143370e+01 1.090031507675806211e+01 1.121076233183856630e+01 8.909968492324193789e+01
8.888888888888888573e+01 1.048201486157690532e+01 1.111111111111111072e+01 8.951798513842310001e+01
9.389671361502347224e+01 1.078894133513149001e+01 6.103286384976525980e+00 8.921105866486851710e+01
9.256198347107438451e+01 1.056765676567656875e+01 7.438016528925619930e+00 8.943234323432342592e+01
8.730158730158730407e+01 1.081962847060390231e+01 1.269841269841269771e+01 8.918037152939609769e+01
9.013452914798206450e+01 1.068856431311839472e+01 9.865470852017937275e+00 8.931143568688159462e+01
8.475177304964537939e+01 1.072297875139793355e+01 1.524822695035460995e+01 8.927702124860206823e+01
9.333333333333332860e+01 1.015198368313704869e+01 6.666666666666666963e+00 8.984801631686295309e+01
8.702290076335877700e+01 1.040155788342734411e+01 1.297709923664122122e+01 8.959844211657265589e+01
8.670886075949366045e+01 1.047092519816159317e+01 1.329113924050632711e+01 8.952907480183840505e+01
9.220779220779220964e+01 1.055249718113683066e+01 7.792207792207792139e+00 8.944750281886317111e+01
8.339350180505414301e+01 1.073051617716882689e+01 1.660649819494584989e+01 8.926948382283117667e+01
9.155555555555555713e+01 1.106785690314786130e+01 8.444444444444444642e+00 8.893214309685212982e+01
8.880597014925373855e+01 1.070676895919614324e+01 1.119402985074626855e+01 8.929323104080386031e+01
9.429824561403509620e+01 1.072605086309131650e+01 5.701754385964911798e+00 8.927394913690868350e+01
8.991228070175438347e+01 1.016474126734568451e+01 1.008771929824561298e+01 8.983525873265432438e+01
8.974358974358975161e+01 1.112510773718756241e+01 1.025641025641025550e+01 8.887489226281243759e+01
8.620689655172412813e+01 1.066666666666666785e+01 1.379310344827586121e+01 8.933333333333332860e+01
8.879310344827587187e+01 1.070656800471481773e+01 1.120689655172413879e+01 8.929343199528517516e+01
8.927203065134099802e+01 1.074358119373124509e+01 1.072796934865900376e+01 8.925641880626875491e+01
8.796680497925311215e+01 1.081693897965988604e+01 1.203319502074688785e+01 8.918306102034011928e+01
9.077669902912622035e+01 1.062707163633903740e+01 9.223300970873786753e+00 8.937292836366096083e+01
9.276018099547511042e+01 1.088338744588744689e+01 7.239819004524887802e+00 8.911661255411254956e+01
8.981132075471698784e+01 1.098183302714839726e+01 1.018867924528301927e+01 8.901816697285160274e+01
8.928571428571429180e+01 1.074185968445787154e+01 1.071428571428571352e+01 8.925814031554212136e+01
9.079999999999999716e+01 1.092780783951431900e+01 9.199999999999999289e+00 8.907219216048568455e+01
9.070796460176990195e+01 1.052346080824518637e+01 9.292035398230089172e+00 8.947653919175481008e+01
8.789062500000000000e+01 1.067054604506394178e+01 1.210937500000000000e+01 8.932945395493605645e+01
8.690476190476191221e+01 1.062392369850311269e+01 1.309523809523809668e+01 8.937607630149688021e+01
9.216589861751151602e+01 1.118974495927360024e+01 7.834101382488478649e+00 8.881025504072638910e+01
8.669724770642201861e+01 1.116235545752289404e+01 1.330275229357798317e+01 8.883764454247710773e+01
9.066666666666665719e+01 1.096396880881957614e+01 9.333333333333333925e+00 8.903603119118042741e+01
9.194312796208529903e+01 1.098392112750611993e+01 8.056872037914692086e+00 8.901607887249387829e+01
9.124423963133641280e+01 1.084607543323139645e+01 8.755760368663594306e+00 8.915392456676860888e+01
9.120000000000000284e+01 1.019768234492160808e+01 8.799999999999998934e+00 8.980231765507838304e+01
9.295774647887323283e+01 1.070005313496280586e+01 7.042253521126760951e+00 8.929994686503719947e+01
9.036144578313253817e+01 1.052279269027378028e+01 9.638554216867470714e+00 8.947720730972622505e+01
9.347826086956521863e+01 1.083350260681156563e+01 6.521739130434782261e+00 8.916649739318843615e+01
9.200000000000000000e+01 1.043284489161996120e+01 8.000000000000000000e+00 8.956715510838003524e+01
8.842592592592592382e+01 1.040874841634993686e+01 1.157407407407407440e+01 8.959125158365006314e+01
9.090909090909090651e+01 1.032218762691214309e+01 9.090909090909091717e+00 8.967781237308786046e+01
8.907563025210085073e+01 1.010459970497519144e+01 1.092436974789915993e+01 8.989540029502481389e+01
9.011857707509881266e+01 1.101792357118701382e+01 9.881422924901185567e+00 8.898207642881298796e+01
8.828125000000000000e+01 1.052204490127130043e+01 1.171875000000000000e+01 8.947795509872869957e+01
9.053497942386830744e+01 1.055316863587540333e+01 9.465020576131687235e+00 8.944683136412460556e+01
9.190283400809717307e+01 1.085826186778310465e+01 8.097165991902834037e+00 8.914173813221690068e+01
9.047619047619048160e+01 1.029687082107515295e+01 9.523809523809523725e+00 8.970312917892483995e+01
9.124423963133641280e+01 1.085596379126730682e+01 8.755760368663594306e+00 8.914403620873268608e+01
9.389671361502347224e+01 1.042519477089660640e+01 6.103286384976525980e+00 8.957480522910339005e+01
8.961038961038960338e+01 1.069683379074904472e+01 1.038961038961038952e+01 8.930316620925094639e+01
9.041095890410957736e+01 1.083194119612428885e+01 9.589041095890410205e+00 8.916805880387570937e+01
9.059829059829060327e+01 1.049271893077997220e+01 9.401709401709402059e+00 8.950728106922002780e+01
8.715596330275229775e+01 1.082679782001860858e+01 1.284403669724770758e+01 8.917320217998138787e+01
9.090909090909090651e+01 1.094514033089959071e+01 9.090909090909091717e+00 8.905485966910040929e+01
9.316239316239315826e+01 1.095004897159647328e+01 6.837606837606838184e+00 8.904995102840352672e+01
8.821138211382113070e+01 1.033581339231852070e+01 1.178861788617886219e+01 8.966418660768148641e+01
8.907563025210085073e+01 1.063024073573167527e+01 1.092436974789915993e+01 8.936975926426832473e+01
9.271844660194174992e+01 1.056591211717709733e+01 7.281553398058251858e+00 8.943408788282289379e+01
9.380530973451327270e+01 1.118171984856679302e+01 6.194690265486725522e+00 8.881828015143319988e+01
8.663793103448276156e+01 1.096027818643841201e+01 1.336206896551724022e+01 8.903972181356158444e+01
9.330357142857143060e+01 1.050928066582997644e+01 6.696428571428571175e+00 8.949071933417002356e+01
8.764940239043824022e+01 1.048674051695199694e+01 1.235059760956175268e+01 8.951325948304800306e+01
8.854961832061069060e+01 1.067699562142135328e+01 1.145038167938931295e+01 8.932300437857864495e+01
9.017857142857143060e+01 1.059848689543366618e+01 9.821428571428571175e+00 8.940151310456633382e+01
9.354838709677419217e+01 1.088156123822341748e+01 6.451612903225806051e+00 8.911843876177658785e+01
9.234449760765551218e+01 1.081943244500564916e+01 7.655502392344497586e+00 8.918056755499435440e+01
8.669527896995707295e+01 1.105039465695203305e+01 1.330472103004291817e+01 8.894960534304796340e+01
9.004329004329004249e+01 1.105551423355196405e+01 9.956709956709957510e+00 8.894448576644803950e+01
9.012345679012345556e+01 1.035479102271200169e+01 9.876543209876542662e+00 8.964520897728799298e+01
9.176954732510289148e+01 1.070884903037924474e+01 8.230452674897119181e+00 8.929115096962075881e+01
9.130434782608695343e+01 1.034575541504103313e+01 8.695652173913043015e+00 8.965424458495895976e+01
9.122807017543858876e+01 1.083233771405814494e+01 8.771929824561402356e+00 8.916766228594184440e+01
8.816793893129771220e+01 1.080255115599256044e+01 1.183206106870228957e+01 8.919744884400743956e+01
8.472727272727273373e+01 1.026133479662528281e+01 1.527272727272727337e+01 8.973866520337470831e+01
9.166666666666665719e+01 1.090740002657101115e+01 8.333333333333332149e+00 8.909259997342898885e+01
9.217391304347826519e+01 1.038819770208715632e+01 7.826086956521740134e+00 8.961180229791284546e+01
8.576923076923075939e+01 1.105837683910773706e+01 1.423076923076922995e+01 8.894162316089226294e+01
9.166666666666665719e+01 1.077697645938222948e+01 8.333333333333332149e+00 8.922302354061777407e+01
9.271255060728745434e+01 1.102530824140168875e+01 7.287449392712550100e+00 8.897469175859831125e+01
8.624535315985130524e+01 1.048321602598808866e+01 1.375464684014869832e+01 8.951678397401191489e+01
8.647342995169081803e+01 1.049970057888083019e+01 1.352657004830917842e+01 8.950029942111916625e+01
9.272727272727271952e+01 1.084003692469998548e+01 7.272727272727272485e+00 8.915996307530001275e+01
8.834080717488788537e+01 1.078077054210705654e+01 1.165919282511210753e+01 8.921922945789295056e+01
8.901515151515151558e+01 1.077634621737693976e+01 1.098484848484848442e+01 8.922365378262306024e+01
8.937007874015748143e+01 1.043861461130620505e+01 1.062992125984252034e+01 8.956138538869379317e+01
8.796680497925311215e+01 1.081081081081081052e+01 1.203319502074688785e+01 8.918918918918919303e+01
9.009433962264151319e+01 1.089115600297277275e+01 9.905660377358490365e+00 8.910884399702723613e+01
8.683274021352312388e+01 1.080593424218123566e+01 1.316725978647686723e+01 8.919406575781876256e+01
9.203539823008848941e+01 1.114683815648445986e+01 7.964601769911504370e+00 8.885316184351553659e+01
8.931297709923664740e+01 1.034227193100660180e+01 1.068702290076335792e+01 8.965772806899339287e+01
8.610169491525422814e+01 1.074299792531120445e+01 1.389830508474576298e+01 8.925700207468879910e+01
9.036697247706422331e+01 1.054465063308099460e+01 9.633027522935780240e+00 8.945534936691899475e+01
8.969465648854961159e+01 1.107643269805432062e+01 1.030534351145038130e+01 8.892356730194568115e+01
9.094650205761315931e+01 1.054913294797687939e+01 9.053497942386831809e+00 8.945086705202311350e+01
9.409282700421941570e+01 1.057666397197520780e+01 5.907172995780590519e+00 8.942333602802479220e+01
9.087452471482889393e+01 1.058815630455216805e+01 9.125475285171102513e+00 8.941184369544782840e+01
8.913857677902620935e+01 1.055329915440442079e+01 1.086142322097378354e+01 8.944670084559558632e+01
8.801652892561982355e+01 1.047322456164105375e+01 1.198347107438016579e+01 8.952677543835895335e+01
9.156118143459916325e+01 1.054821176944239269e+01 8.438818565400843852e+00 8.945178823055761086e+01
9.276595744680851396e+01 1.022477156006136134e+01 7.234042553191488700e+00 8.977522843993864399e+01
9.333333333333332860e+01 1.054966382477299547e+01 6.666666666666666963e+00 8.945033617522700808e+01
8.759999999999999432e+01 1.109615772828207980e+01 1.240000000000000036e+01 8.890384227171792020e+01
8.907563025210085073e+01 9.860301098603011738e+00 1.092436974789915993e+01 9.013969890139699714e+01
8.813559322033897558e+01 1.086182575401356765e+01 1.186440677966101731e+01 8.913817424598643413e+01
9.227642276422763246e+01 1.074867760748677625e+01 7.723577235772357774e+00 8.925132239251321664e+01
8.785425101214573829e+01 1.046737745591095070e+01 1.214574898785425106e+01 8.953262254408905108e+01
8.671875000000000000e+01 1.112492637916366789e+01 1.328125000000000000e+01 8.887507362083633211e+01
8.807692307692308020e+01 1.111258806327263038e+01 1.192307692307692335e+01 8.888741193672736074e+01
9.209486166007904728e+01 1.050806774236564856e+01 7.905138339920949164e+00 8.949193225763436033e+01
8.375451263537905788e+01 1.102029696226672151e+01 1.624548736462093856e+01 8.897970303773328737e+01
8.706896551724138078e+01 1.018781245777597633e+01 1.293103448275862100e+01 8.981218754222402367e+01
9.270386266094419625e+01 1.089491525423728824e+01 7.296137339055793980e+00 8.910508474576270999e+01
9.037656903765690686e+01 1.032698812761159424e+01 9.623430962343096695e+00 8.967301187238841464e+01
8.700361010830324915e+01 1.062462341835709978e+01 1.299638989169674907e+01 8.937537658164289667e+01
8.892857142857141639e+01 1.079994640225110558e+01 1.107142857142857117e+01 8.920005359774889087e+01
9.333333333333332860e+01 1.082435819277924516e+01 6.666666666666666963e+00 8.917564180722075662e+01
9.095022624434389513e+01 1.066755230820325373e+01 9.049773755656108420e+00 8.933244769179674449e+01
9.053497942386830744e+01 1.058916672164676420e+01 9.465020576131687235e+00 8.941083327835323757e+01
8.867187500000000000e+01 1.061988148345429117e+01 1.132812500000000000e+01 8.938011851654570705e+01
8.713692946058091593e+01 1.060225016545334142e+01 1.286307053941908585e+01 8.939774983454665858e+01
9.032258064516128115e+01 1.092649209092117424e+01 9.677419354838709964e+00 8.907350790907881333e+01
8.965517241379311031e+01 1.028762541806020003e+01 1.034482758620689680e+01 8.971237458193979819e+01
9.553571428571429180e+01 1.063313330186771033e+01 4.464285714285714413e+00 8.936686669813228434e+01
8.548387096774193594e+01 1.006535067034965891e+01 1.451612903225806583e+01 8.993464932965034109e+01
9.377777777777778567e+01 1.070501434622216053e+01 6.222222222222222321e+00 8.929498565377784303e+01
8.995815899581589292e+01 1.025798525798525773e+01 1.004184100418409997e+01 8.974201474201474582e+01
9.452054794520547887e+01 1.059602649006622599e+01 5.479452054794520244e+00 8.940397350993377756e+01
9.220183486238532566e+01 1.080614075895527293e+01 7.798165137614679665e+00 8.919385924104471997e+01
9.047619047619048160e+01 1.040681173131504167e+01 9.523809523809523725e+00 8.959318826868495478e+01
9.189189189189190188e+01 1.057534246575342429e+01 8.108108108108108780e+00 8.942465753424657748e+01
9.653465346534653690e+01 1.046880269814502640e+01 3.465346534653465760e+00 8.953119730185497360e+01
9.128630705394191125e+01 1.049407646742057132e+01 8.713692946058090527e+00 8.950592353257943046e+01
9.174757281553398514e+01 1.072903269478102040e+01 8.252427184466020194e+00 8.927096730521898849e+01
8.838951310861423849e+01 1.033383091328538406e+01 1.161048689138576862e+01 8.966616908671461772e+01
8.961038961038960338e+01 1.024497403807748697e+01 1.038961038961038952e+01 8.975502596192251303e+01
8.849557522123893705e+01 1.042786069651741343e+01 1.150442477876106118e+01 8.957213930348258657e+01
8.639705882352942012e+01 1.085722011898323380e+01 1.360294117647058698e+01 8.914277988101676442e+01
8.911290322580644840e+01 1.079059108984296067e+01 1.088709677419354804e+01 8.920940891015703755e+01
8.724279835390946403e+01 1.057705092407924496e+01 1.275720164609053597e+01 8.942294907592075504e+01
9.427312775330396732e+01 1.103953346443344508e+01 5.726872246696035340e+00 8.896046653556655315e+01
8.793774319066147882e+01 1.058006535947712479e+01 1.206225680933852118e+01 8.941993464052288232e+01
9.348837209302325846e+01 1.051804264625478424e+01 6.511627906976744207e+00 8.948195735374521576e+01
9.068627450980392268e+01 1.027249426682854327e+01 9.313725490196079093e+00 8.972750573317145495e+01
8.976744186046511231e+01 1.061928795525849090e+01 1.023255813953488413e+01 8.938071204474150022e+01
8.771331058020477656e+01 1.047384951522600005e+01 1.228668941979522167e+01 8.952615048477400705e+01
8.947368421052631504e+01 1.053753093208688441e+01 1.052631578947368318e+01 8.946246906791311915e+01
8.828125000000000000e+01 1.069678824169842102e+01 1.171875000000000000e+01 8.930321175830158609e+01
9.356435643564357463e+01 1.050567874526771206e+01 6.435643564356436030e+00 8.949432125473228439e+01
9.095022624434389513e+01 1.102796108578814938e+01 9.049773755656108420e+00 8.897203891421185062e+01
9.082568807339448824e+01 1.052667346245327806e+01 9.174311926605504652e+00 8.947332653754671128e+01
9.227272727272726627e+01 1.061345646437994716e+01 7.727272727272726627e+00 8.938654353562004928e+01
8.870967741935483275e+01 1.079859033180397709e+01 1.129032258064516014e+01 8.920140966819602113e+01
8.977777777777777146e+01 1.052111469793794107e+01 1.022222222222222321e+01 8.947888530206206781e+01
8.968253968253968367e+01 1.007841800204568727e+01 1.031746031746031633e+01 8.992158199795431983e+01
9.032258064516128115e+01 1.099542409974136170e+01 9.677419354838709964e+00 8.900457590025864363e+01
9.043478260869565588e+01 1.076725997842502736e+01 9.565217391304347672e+00 8.923274002157496909e+01
8.553719008264462786e+01 1.092156993403078502e+01 1.446280991735537036e+01 8.907843006596921498e+01
9.008620689655172953e+01 1.052950279216847207e+01 9.913793103448275801e+00 8.947049720783152793e+01
9.051724137931034875e+01 1.077808255837291718e+01 9.482758620689654805e+00 8.922191744162708460e+01
8.883495145631069079e+01 1.103926719202532425e+01 1.116504854368932165e+01 8.896073280797467930e+01
8.455598455598455132e+01 1.067437886157486560e+01 1.544401544401544335e+01 8.932562113842513440e+01
9.154228855721393643e+01 1.080554061323292103e+01 8.457711442786070677e+00 8.919445938676707897e+01
9.155555555555555713e+01 1.094643094510168879e+01 8.444444444444444642e+00 8.905356905489830410e+01
8.939393939393939092e+01 1.080536912751677825e+01 1.060606060606060552e+01 8.919463087248321642e+01
8.987341772151899022e+01 1.017064846416382196e+01 1.012658227848101333e+01 8.982935153583618160e+01
9.414414414414414978e+01 1.061976549413735427e+01 5.855855855855855552e+00 8.938023450586264573e+01
9.142857142857143060e+01 1.050255995688493726e+01 8.571428571428571175e+00 8.949744004311506274e+01
9.013452914798206450e+01 1.009098428453267182e+01 9.865470852017937275e+00 8.990901571546733351e+01
9.078341013824883987e+01 1.068661855260544158e+01 9.216589861751153023e+00 8.931338144739456197e+01
9.311926605504586973e+01 1.069060218366936788e+01 6.880733944954128489e+00 8.930939781633063035e+01
8.925619834710744271e+01 1.060430970022432184e+01 1.074380165289256261e+01 8.939569029977567993e+01
8.530465949820788296e+01 1.107368988279671207e+01 1.469534050179211526e+01 8.892631011720328615e+01
9.098039215686274872e+01 1.102545357878646826e+01 9.019607843137254832e+00 8.897454642121353174e+01
8.908296943231441389e+01 1.077220850297003274e+01 1.091703056768558966e+01 8.922779149702996904e+01
9.236947791164659805e+01 1.058396613130837949e+01 7.630522088353414389e+00 8.941603386869162762e+01
8.850174216027873797e+01 1.060948081264108467e+01 1.149825783972125492e+01 8.939051918735891888e+01
8.745387453874539574e+01 1.062424969987995205e+01 1.254612546125461137e+01 8.937575030012004618e+01
9.206349206349206327e+01 1.070897036936815105e+01 7.936507936507935845e+00 8.929102963063184006e+01
8.859649122807017818e+01 1.074622880790281698e+01 1.140350877192982360e+01 8.925377119209719012e+01
8.897637795275589667e+01 1.027257933279088675e+01 1.102362204724409445e+01 8.972742066720911680e+01
8.947368421052631504e+01 1.087920332855876282e+01 1.052631578947368318e+01 8.912079667144124073e+01
9.356223175965665462e+01 1.059268600252206838e+01 6.437768240343347159e+00 8.940731399747792807e+01
9.063829787234041646e+01 1.085266076137669877e+01 9.361702127659574657e+00 8.914733923862330300e+01
9.386792452830188438e+01 1.054179465394418713e+01 6.132075471698112956e+00 8.945820534605580576e+01
8.995983935742971482e+01 1.070553163299105748e+01 1.004016064257028162e+01 8.929446836700893186e+01
8.791666666666667140e+01 1.056555615260612591e+01 1.208333333333333393e+01 8.943444384739387942e+01
9.059829059829060327e+01 1.048840129535390986e+01 9.401709401709402059e+00 8.951159870464609014e+01
8.805309734513274122e+01 1.079989227040129229e+01 1.194690265486725700e+01 8.920010772959871304e+01
8.926829268292682684e+01 1.115837043929022521e+01 1.073170731707317138e+01 8.884162956070977657e+01
9.142857142857143060e+01 1.056560629497612425e+01 8.571428571428571175e+00 8.943439370502387931e+01
9.363636363636364024e+01 1.055503793424730574e+01 6.363636363636363313e+00 8.944496206575269071e+01
9.107981220657276822e+01 1.108435346845942959e+01 8.920187793427230005e+00 8.891564653154057396e+01
9.021276595744680549e+01 1.099101445500716245e+01 9.787234042553190960e+00 8.900898554499283932e+01
8.880308880308879793e+01 1.073915372254954548e+01 1.119691119691119674e+01 8.926084627745045452e+01
8.419243986254295464e+01 1.033152909336941860e+01 1.580756013745704358e+01 8.966847090663058850e+01
9.379844961240310397e+01 1.060502126491974195e+01 6.201550387596899583e+00 8.939497873508025805e+01
8.487972508591064980e+01 1.061782467317008383e+01 1.512027491408934665e+01 8.938217532682990907e+01
9.068825910931174406e+01 1.061576853038375923e+01 9.311740890688259498e+00 8.938423146961623900e+01
9.037656903765690686e+01 1.042973756999257873e+01 9.623430962343096695e+00 8.957026243000741772e+01
8.995815899581589292e+01 1.060171919770773563e+01 1.004184100418409997e+01 8.939828080229226259e+01
9.133858267716536261e+01 1.092265047518479548e+01 8.661417322834646271e+00 8.907734952481520452e+01
9.111111111111111427e+01 1.062358728892434456e+01 8.888888888888889284e+00 8.937641271107565899e+01
8.770491803278687826e+01 1.052113415594644330e+01 1.229508196721311464e+01 8.947886584405355848e+01
9.126637554585153111e+01 1.078379098906958156e+01 8.733624454148470662e+00 8.921620901093041311e+01
9.045454545454545325e+01 1.061073411474398398e+01 9.545454545454546746e+00 8.938926588525602313e+01
8.823529411764705799e+01 1.068399084421704615e+01 1.176470588235294024e+01 8.931600915578295030e+01
8.897959183673469852e+01 1.079824856854159698e+01 1.102040816326530681e+01 8.920175143145840480e+01
9.040000000000000568e+01 1.111411573823688492e+01 9.599999999999999645e+00 8.888588426176310975e+01
9.177489177489177052e+01 1.079729729729729648e+01 8.225108225108225923e+00 8.920270270270270885e+01
8.925619834710744271e+01 1.042195219655494753e+01 1.074380165289256261e+01 8.957804780344504536e+01
8.860759493670884979e+01 1.108170466883821881e+01 1.139240506329113956e+01 8.891829533116177231e+01
9.075630252100840778e+01 1.073563990594558426e+01 9.243697478991597549e+00 8.926436009405442462e+01
8.550724637681159379e+01 1.003986217147490123e+01 1.449275362318840621e+01 8.996013782852510587e+01
9.138755980861243700e+01 1.065952460662872525e+01 8.612440191387559452e+00 8.934047539337127830e+01
9.111111111111111427e+01 1.090207755295391578e+01 8.888888888888889284e+00 8.909792244704608777e+01
8.923766816143498204e+01 1.109509097150703738e+01 1.076233183856502329e+01 8.890490902849296617e+01
9.174311926605504652e+01 1.069856082013537524e+01 8.256880733944955253e+00 8.930143917986463009e+01
9.030837004405286450e+01 1.074204477512788181e+01 9.691629955947137276e+00 8.925795522487211997e+01
8.923076923076924061e+01 1.089115554959065868e+01 1.076923076923077005e+01 8.910884445040933599e+01
8.695652173913043725e+01 1.091043870880787026e+01 1.304347826086956452e+01 8.908956129119212619e+01
8.684210526315790446e+01 1.079518400108836040e+01 1.315789473684210442e+01 8.920481599891164137e+01
9.333333333333332860e+01 1.098277473627987710e+01 6.666666666666666963e+00 8.901722526372012112e+01
8.977777777777777146e+01 1.080002705078785397e+01 1.022222222222222321e+01 8.919997294921215314e+01
9.022222222222222854e+01 1.038173142467621091e+01 9.777777777777778567e+00 8.961826857532379620e+01
9.054054054054053324e+01 1.084345479082321262e+01 9.459459459459459651e+00 8.915654520917678383e+01
8.701298701298701133e+01 1.080286115382044265e+01 1.298701298701298512e+01 8.919713884617955557e+01
9.153225806451612812e+01 1.023984010659560262e+01 8.467741935483870108e+00 8.976015989340440626e+01
8.712121212121212466e+01 1.067820114904576378e+01 1.287878787878787890e+01 8.932179885095423799e+01
8.809523809523808779e+01 1.116118769883351014e+01 1.190476190476190332e+01 8.883881230116649874e+01
9.004329004329004249e+01 1.100759144237405174e+01 9.956709956709957510e+00 8.899240855762595004e+01
9.086757990867579338e+01 9.998665064744360009e+00 9.132420091324199518e+00 9.000133493525564177e+01
8.898678414096916356e+01 1.037697608431293084e+01 1.101321585903083644e+01 8.962302391568707094e+01
9.000000000000000000e+01 1.057334326135517522e+01 1.000000000000000000e+01 8.942665673864482301e+01
9.259259259259259522e+01 1.084780388151174790e+01 7.407407407407406552e+00 8.915219611848826275e+01
9.400921658986175089e+01 1.114466099368652330e+01 5.990783410138248222e+00 8.885533900631348558e+01
8.843283582089553363e+01 1.048456402459179060e+01 1.156716417910447703e+01 8.951543597540820940e+01
9.102564102564102200e+01 1.112485398199683928e+01 8.974358974358974450e+00 8.887514601800316427e+01
9.166666666666665719e+01 1.044206296048225013e+01 8.333333333333332149e+00 8.955793703951775342e+01
8.852459016393441971e+01 1.062591948642503681e+01 1.147540983606557319e+01 8.937408051357496674e+01
9.214876033057851146e+01 1.045950413223140529e+01 7.851239669421487655e+00 8.954049586776859826e+01
8.804780876494024255e+01 1.087259918920715052e+01 1.195219123505976100e+01 8.912740081079284948e+01
8.659003831417624042e+01 1.024756089467047282e+01 1.340996168582375425e+01 8.975243910532952896e+01
9.051724137931034875e+01 1.086233801479069072e+01 9.482758620689654805e+00 8.913766198520930573e+01
9.043478260869565588e+01 1.057865580991790644e+01 9.565217391304347672e+00 8.942134419008209534e+01
9.130434782608695343e+01 1.086428089128967045e+01 8.695652173913043015e+00 8.913571910871033310e+01
8.728813559322034621e+01 1.043712172158708817e+01 1.271186440677966090e+01 8.956287827841291005e+01
9.217391304347826519e+01 1.061823494255926725e+01 7.826086956521740134e+00 8.938176505744073097e+01
8.808664259927797957e+01 1.038899430740038099e+01 1.191335740072202221e+01 8.961100569259961901e+01
8.652482269503546775e+01 1.105340258356638650e+01 1.347517730496453936e+01 8.894659741643361883e+01
8.953974895397489320e+01 1.059482060965740402e+01 1.046025104602510325e+01 8.940517939034259598e+01
9.025423728813559876e+01 1.015238879736408606e+01 9.745762711864406569e+00 8.984761120263591749e+01
9.169960474308300036e+01 1.047700170357751226e+01 8.300395256916996090e+00 8.952299829642248596e+01
9.082568807339448824e+01 1.105804311774461013e+01 9.174311926605504652e+00 8.894195688225539698e+01
8.779527559055118502e+01 1.060955518945634424e+01 1.220472440944881853e+01 8.939044481054365576e+01
9.105691056910568193e+01 1.061946902654867309e+01 8.943089430894309189e+00 8.938053097345132869e+01
9.251101321585902326e+01 1.043418803418803442e+01 7.488986784140968744e+00 8.956581196581197446e+01
8.369230769230769340e+01 1.055904819847224907e+01 1.630769230769230660e+01 8.944095180152774560e+01
9.007633587786259000e+01 1.043897216274089956e+01 9.923664122137404675e+00 8.956102783725910399e+01
9.142857142857143060e+01 1.070439656919024785e+01 8.571428571428571175e+00 8.929560343080976281e+01
8.938053097345132869e+01 1.077544869160158925e+01 1.061946902654867309e+01 8.922455130839841786e+01
8.937728937728938661e+01 1.106161332328147395e+01 1.062271062271062227e+01 8.893838667671852249e+01
9.162790697674418539e+01 1.043179983857950077e+01 8.372093023255814614e+00 8.956820016142049212e+01
8.814229249011857803e+01 1.049366064202859405e+01 1.185770750988142197e+01 8.950633935797141305e+01
8.825910931174088603e+01 1.065497542181480028e+01 1.174089068825910864e+01 8.934502457818518906e+01
8.554216867469878594e+01 1.034322203006518492e+01 1.445783132530120341e+01 8.965677796993482218e+01
9.191489361702127781e+01 1.048463516989305511e+01 8.085106382978723971e+00 8.951536483010694667e+01
8.760330578512396471e+01 1.105369127516778427e+01 1.239669421487603351e+01 8.894630872483220685e+01
8.958333333333334281e+01 1.059373729158194344e+01 1.041666666666666785e+01 8.940626270841805479e+01
8.729508196721312174e+01 1.074622789649757593e+01 1.270491803278688536e+01 8.925377210350242763e+01
8.954545454545454675e+01 1.073719008264462715e+01 1.045454545454545325e+01 8.926280991735536929e+01
9.036697247706422331e+01 1.098945119508612578e+01 9.633027522935780240e+00 8.901054880491386712e+01
8.641509433962264097e+01 1.057301544296938545e+01 1.358490566037735903e+01 8.942698455703062166e+01
9.530516431924883136e+01 1.089883056839815012e+01 4.694835680751173079e+00 8.910116943160184633e+01
9.012875536480686378e+01 1.065979657387580382e+01 9.871244635193132666e+00 8.934020342612420507e+01
8.645833333333334281e+01 1.079407806191117025e+01 1.354166666666666607e+01 8.920592193808883508e+01
9.117647058823528994e+01 1.053087324318923557e+01 8.823529411764706509e+00 8.946912675681076621e+01
9.054054054054053324e+01 1.092801387684301773e+01 9.459459459459459651e+00 8.907198612315697517e+01
9.117647058823528994e+01 1.061302945012699972e+01 8.823529411764706509e+00 8.938697054987299850e+01
8.951965065502183450e+01 1.029629629629629584e+01 1.048034934497816550e+01 8.970370370370370949e+01
9.203539823008848941e+01 1.072101156846919423e+01 7.964601769911504370e+00 8.927898843153080577e+01
9.285714285714286120e+01 1.067124486635696456e+01 7.142857142857142350e+00 8.932875513364302833e+01
8.733624454148471727e+01 1.094280490989814680e+01 1.266375545851528273e+01 8.905719509010185675e+01
8.656126482213439033e+01 1.082747646200769154e+01 1.343873517786561322e+01 8.917252353799230491e+01
8.888888888888888573e+01 1.054154609342703530e+01 1.111111111111111072e+01 8.945845390657297003e+01
8.755186721991701404e+01 1.077344376168848505e+01 1.244813278008298774e+01 8.922655623831151672e+01
8.550724637681159379e+01 1.089747810627510383e+01 1.449275362318840621e+01 8.910252189372489795e+01
8.510638297872340274e+01 1.049337505825953798e+01 1.489361702127659548e+01 8.950662494174046913e+01
8.786764705882352189e+01 1.062690613351406377e+01 1.213235294117647101e+01 8.937309386648594511e+01
9.045643153526971503e+01 1.083276912660799063e+01 9.543568464730290302e+00 8.916723087339201470e+01
8.705035971223021818e+01 1.060874302056380181e+01 1.294964028776978360e+01 8.939125697943619286e+01
8.974358974358975161e+01 1.078819032555687407e+01 1.025641025641025550e+01 8.921180967444311705e+01
8.717948717948718240e+01 1.056974978543605914e+01 1.282051282051281937e+01 8.943025021456394086e+01
8.636363636363635976e+01 1.075000000000000000e+01 1.363636363636363491e+01 8.925000000000000000e+01
8.619402985074626145e+01 1.048290541439404144e+01 1.380597014925373145e+01 8.951709458560596033e+01
9.333333333333332860e+01 1.095122280772868528e+01 6.666666666666666963e+00 8.904877719227131649e+01
9.173553719008265261e+01 1.029998623916334211e+01 8.264462809917356267e+00 8.970001376083665434e+01
9.565217391304348382e+01 1.082866967837637340e+01 4.347826086956521507e+00 8.917133032162361417e+01
9.145299145299145493e+01 1.041456016177957444e+01 8.547008547008546842e+00 8.958543983822042378e+01
8.840000000000000568e+01 1.081849570103581293e+01 1.160000000000000142e+01 8.918150429896418530e+01
9.362745098039215463e+01 1.031125737008089871e+01 6.372549019607842702e+00 8.968874262991910484e+01
9.194312796208529903e+01 1.088744733498294792e+01 8.056872037914692086e+00 8.911255266501704853e+01
8.777777777777777146e+01 1.049934296977660964e+01 1.222222222222222143e+01 8.950065703022337971e+01
9.029850746268657247e+01 1.066843150231634674e+01 9.701492537313432862e+00 8.933156849768366214e+01
8.624161073825503365e+01 1.041480360459517129e+01 1.375838926174496635e+01 8.958519639540483581e+01
8.909090909090909349e+01 1.111416781292984801e+01 1.090909090909090828e+01 8.888583218707015021e+01
9.008620689655172953e+01 1.044426602435434326e+01 9.913793103448275801e+00 8.955573397564565141e+01
9.196428571428570820e+01 1.045165607226497073e+01 8.035714285714286476e+00 8.954834392773503282e+01
9.301310043668121352e+01 1.055578038580871514e+01 6.986899563318776707e+00 8.944421961419128309e+01
9.078341013824883987e+01 1.086956521739130466e+01 9.216589861751153023e+00 8.913043478260868824e+01
9.099526066350711062e+01 1.024406332453825996e+01 9.004739336492891155e+00 8.975593667546174004e+01
9.177489177489177052e+01 1.079778100647206429e+01 8.225108225108225923e+00 8.920221899352793571e+01
8.872180451127819367e+01 1.039627354350908028e+01 1.127819548872180455e+01 8.960372645649091794e+01
9.027237354085603727e+01 1.061114842175956952e+01 9.727626459143969839e+00 8.938885157824041983e+01
8.782608695652174902e+01 1.069701853344077414e+01 1.217391304347826164e+01 8.930298146655923119e+01
8.787878787878787534e+01 1.073975952720603111e+01 1.212121212121212110e+01 8.926024047279396711e+01
9.056603773584906492e+01 1.063583026333742687e+01 9.433962264150943966e+00 8.936416973666257491e+01
