8.694158075601374946e+01 1.549319563748672834e+01 1.305841924398625586e+01 8.450680436251326455e+01
9.313304721030041833e+01 1.558702980622317114e+01 6.866952789699571014e+00 8.441297019377682886e+01
9.121338912133892052e+01 1.520818115412710192e+01 8.786610878661086588e+00 8.479181884587289630e+01
9.563106796116504427e+01 1.561574575659082598e+01 4.368932038834951292e+00 8.438425424340917402e+01
8.625429553264605431e+01 1.577743717003625079e+01 1.374570446735395279e+01 8.422256282996374921e+01
8.865546218487394015e+01 1.559721220860370039e+01 1.134453781512605097e+01 8.440278779139629250e+01
8.729508196721312174e+01 1.552557535531347099e+01 1.270491803278688536e+01 8.447442464468653611e+01
8.792270531400966149e+01 1.561240836933831844e+01 1.207729468599033851e+01 8.438759163066168867e+01
9.126984126984126533e+01 1.553216771346121128e+01 8.730158730158729341e+00 8.446783228653879405e+01
8.697068403908795631e+01 1.548150664983982061e+01 1.302931596091205257e+01 8.451849335016017051e+01
9.120000000000000284e+01 1.561706077779949098e+01 8.799999999999998934e+00 8.438293922220050547e+01
8.859315589353612097e+01 1.571359105275954349e+01 1.140684410646387903e+01 8.428640894724046007e+01
9.166666666666665719e+01 1.535495521878126901e+01 8.333333333333332149e+00 8.464504478121874342e+01
9.137931034482758719e+01 1.602737738221921404e+01 8.620689655172414589e+00 8.397262261778078596e+01
8.931623931623931867e+01 1.541517201531165071e+01 1.068376068376068311e+01 8.458482798468834574e+01
8.828451882845187981e+01 1.543624161073825540e+01 1.171548117154811663e+01 8.456375838926174993e+01
8.821292775665399688e+01 1.565660257816117173e+01 1.178707224334600667e+01 8.434339742183883004e+01
9.160000000000000853e+01 1.588707915624924283e+01 8.400000000000000355e+00 8.411292084375075717e+01
9.012345679012345556e+01 1.547103115996416633e+01 9.876543209876542662e+00 8.452896884003583011e+01
8.333333333333334281e+01 1.552579123924352267e+01 1.666666666666666430e+01 8.447420876075646845e+01
9.068825910931174406e+01 1.600919095416616500e+01 9.311740890688259498e+00 8.399080904583384211e+01
9.275362318840579690e+01 1.564049334473073571e+01 7.246376811594203105e+00 8.435950665526927139e+01
8.543046357615894237e+01 1.558457202052566970e+01 1.456953642384105940e+01 8.441542797947433030e+01
9.260869565217390686e+01 1.552183818895729317e+01 7.391304347826086918e+00 8.447816181104271038e+01
8.629629629629629051e+01 1.555346503606146236e+01 1.370370370370370416e+01 8.444653496393853231e+01
8.695652173913043725e+01 1.549234135667396117e+01 1.304347826086956452e+01 8.450765864332603883e+01
8.987854251012146278e+01 1.552160373686259298e+01 1.012145748987854255e+01 8.447839626313741235e+01
9.369369369369368883e+01 1.543076437298098114e+01 6.306306306306305842e+00 8.456923562701902597e+01
8.685258964143426397e+01 1.570145930640594401e+01 1.314741035856573603e+01 8.429854069359406310e+01
8.897637795275589667e+01 1.581889187210153658e+01 1.102362204724409445e+01 8.418110812789846875e+01
8.810572687224669153e+01 1.557416966981591600e+01 1.189427312775330314e+01 8.442583033018408400e+01
9.137931034482758719e+01 1.569596711041503490e+01 8.620689655172414589e+00 8.430403288958497399e+01
8.311258278145695044e+01 1.535879042581455600e+01 1.688741721854304600e+01 8.464120957418545288e+01
9.600000000000000000e+01 1.542688388080656559e+01 4.000000000000000000e+00 8.457311611919344330e+01
8.676470588235294201e+01 1.568799298860648683e+01 1.323529411764705976e+01 8.431200701139351850e+01
8.981481481481480955e+01 1.578831419969157679e+01 1.018518518518518512e+01 8.421168580030841611e+01
9.087301587301587347e+01 1.555712476867634209e+01 9.126984126984126533e+00 8.444287523132365436e+01
9.087136929460581314e+01 1.573689609691759017e+01 9.128630705394190414e+00 8.426310390308240983e+01
8.689138576779026835e+01 1.572278189100619095e+01 1.310861423220973698e+01 8.427721810899380728e+01
8.719723183391003829e+01 1.552588462573056560e+01 1.280276816608996526e+01 8.447411537426943084e+01
8.714859437751003668e+01 1.571175714666731338e+01 1.285140562248995799e+01 8.428824285333269017e+01
9.234234234234234862e+01 1.551141474800029130e+01 7.657657657657656713e+00 8.448858525199970870e+01
8.653846153846154721e+01 1.548654244306418271e+01 1.346153846153846168e+01 8.451345755693581907e+01
8.843283582089553363e+01 1.568428184281842874e+01 1.156716417910447703e+01 8.431571815718157836e+01
8.612244897959183731e+01 1.554741159624299129e+01 1.387755102040816269e+01 8.445258840375700515e+01
8.829431438127089393e+01 1.560535931790499298e+01 1.170568561872909719e+01 8.439464068209500169e+01
8.770491803278687826e+01 1.609187039192860169e+01 1.229508196721311464e+01 8.390812960807140541e+01
9.294605809128630369e+01 1.565372579698806810e+01 7.053941908713692754e+00 8.434627420301193013e+01
9.257641921397380713e+01 1.559672866758341137e+01 7.423580786026201750e+00 8.440327133241657975e+01
9.012875536480686378e+01 1.561789600967351888e+01 9.871244635193132666e+00 8.438210399032648468e+01
8.632478632478633074e+01 1.576028796575542401e+01 1.367521367521367637e+01 8.423971203424457599e+01
9.077490774907749937e+01 1.586376114471734233e+01 9.225092250922509507e+00 8.413623885528265589e+01
9.481132075471697362e+01 1.542629443351070329e+01 5.188679245283019270e+00 8.457370556648929494e+01
8.495934959349594351e+01 1.550438436687799104e+01 1.504065040650406715e+01 8.449561563312201429e+01
9.041095890410957736e+01 1.591620220983670819e+01 9.589041095890410205e+00 8.408379779016328825e+01
8.828828828828828534e+01 1.577130633477563393e+01 1.171171171171171110e+01 8.422869366522436962e+01
9.116465863453815643e+01 1.555345133173088534e+01 8.835341365461847118e+00 8.444654866826911643e+01
9.289099526066351586e+01 1.578604830545244120e+01 7.109004739336493017e+00 8.421395169454756058e+01
8.912133891213389347e+01 1.561937234374624950e+01 1.087866108786611008e+01 8.438062765625375050e+01
9.194312796208529903e+01 1.564436483346243278e+01 8.056872037914692086e+00 8.435563516653756722e+01
9.010989010989011661e+01 1.569094043658791371e+01 9.890109890109890500e+00 8.430905956341209162e+01
9.017857142857143060e+01 1.558513991949173061e+01 9.821428571428571175e+00 8.441486008050827650e+01
9.188034188034187366e+01 1.514181818181818073e+01 8.119658119658119233e+00 8.485818181818181927e+01
9.181034482758620641e+01 1.542497376705141754e+01 8.189655172413793593e+00 8.457502623294857358e+01
8.398576512455515797e+01 1.539360588278263542e+01 1.601423487544484203e+01 8.460639411721736280e+01
8.847736625514403386e+01 1.530654364453077676e+01 1.152263374485596792e+01 8.469345635546922324e+01
8.709677419354838435e+01 1.561166952684481579e+01 1.290322580645161210e+01 8.438833047315517888e+01
9.246031746031746934e+01 1.561607731166264124e+01 7.539682539682539542e+00 8.438392268833736409e+01
9.285714285714286120e+01 1.579304824508210636e+01 7.142857142857142350e+00 8.420695175491789541e+01
8.779527559055118502e+01 1.583397945338243851e+01 1.220472440944881853e+01 8.416602054661755972e+01
9.061224489795918657e+01 1.516133713898698510e+01 9.387755102040816979e+00 8.483866286101302023e+01
8.661417322834645915e+01 1.542992323661468745e+01 1.338582677165354440e+01 8.457007676338531610e+01
9.016393442622950261e+01 1.545034079844206332e+01 9.836065573770492065e+00 8.454965920155792958e+01
8.853211009174312096e+01 1.564838057173494690e+01 1.146788990825688082e+01 8.435161942826505310e+01
8.844444444444444287e+01 1.556216883211148883e+01 1.155555555555555536e+01 8.443783116788850407e+01
8.677042801556420670e+01 1.542439545498688958e+01 1.322957198443579863e+01 8.457560454501310687e+01
8.978723404255319451e+01 1.577086280056577117e+01 1.021276595744680726e+01 8.422913719943423416e+01
9.336283185840707688e+01 1.566559423304869370e+01 6.637168141592921344e+00 8.433440576695130630e+01
8.606557377049179536e+01 1.582136772937454339e+01 1.393442622950819576e+01 8.417863227062545661e+01
8.547297297297296836e+01 1.547141363293694205e+01 1.452702702702702631e+01 8.452858636706307038e+01
8.745644599303136602e+01 1.565393730606660405e+01 1.254355400696864109e+01 8.434606269393340483e+01
9.321266968325791424e+01 1.550111466511582847e+01 6.787330316742081315e+00 8.449888533488417863e+01
8.415094339622642394e+01 1.548297190915091903e+01 1.584905660377358494e+01 8.451702809084908097e+01
9.009009009009008651e+01 1.551598129019684258e+01 9.909909909909909942e+00 8.448401870980315209e+01
9.262295081967212695e+01 1.573707597795206681e+01 7.377049180327868605e+00 8.426292402204794030e+01
8.614232209737828327e+01 1.530166630071482459e+01 1.385767790262172383e+01 8.469833369928517186e+01
8.775510204081632537e+01 1.540241644743252358e+01 1.224489795918367285e+01 8.459758355256748530e+01
8.873873873873874629e+01 1.570334858009441525e+01 1.126126126126126081e+01 8.429665141990558652e+01
8.571428571428570820e+01 1.560903566326901171e+01 1.428571428571428470e+01 8.439096433673098829e+01
9.223300970873786753e+01 1.561849934691113262e+01 7.766990291262135138e+00 8.438150065308886383e+01
8.863636363636364024e+01 1.587538544368851312e+01 1.136363636363636331e+01 8.412461455631148510e+01
9.125000000000000000e+01 1.532837880365053529e+01 8.750000000000000000e+00 8.467162119634946293e+01
8.861788617886179509e+01 1.537524366471735071e+01 1.138211382113821024e+01 8.462475633528264041e+01
9.397590361445783458e+01 1.546579772876492420e+01 6.024096385542168974e+00 8.453420227123507402e+01
9.000000000000000000e+01 1.569648323571239068e+01 1.000000000000000000e+01 8.430351676428760754e+01
9.155555555555555713e+01 1.552062868369351634e+01 8.444444444444444642e+00 8.447937131630648366e+01
9.292452830188679513e+01 1.555094569859670450e+01 7.075471698113207530e+00 8.444905430140329372e+01
9.011406844106464575e+01 1.585155700104366439e+01 9.885931558935361352e+00 8.414844299895634094e+01
8.475836431226765910e+01 1.535219455479120221e+01 1.524163568773234090e+01 8.464780544520880312e+01
8.849206349206349387e+01 1.561741858014556428e+01 1.150793650793650791e+01 8.438258141985444638e+01
9.152542372881356414e+01 1.534533662455834779e+01 8.474576271186439413e+00 8.465466337544165754e+01
8.774703557312253110e+01 1.576201683934680631e+01 1.225296442687747067e+01 8.423798316065320080e+01
9.107142857142856940e+01 1.545932330644965980e+01 8.928571428571428825e+00 8.454067669355033843e+01
9.102564102564102200e+01 1.571998249282692228e+01 8.974358974358974450e+00 8.428001750717307061e+01
8.850574712643678765e+01 1.582685316705587653e+01 1.149425287356321768e+01 8.417314683294412703e+01
9.392523364485981574e+01 1.543715846994535568e+01 6.074766355140186924e+00 8.456284153005464077e+01
8.963963963963963977e+01 1.580905445233608830e+01 1.036036036036036023e+01 8.419094554766391525e+01
8.921161825726142069e+01 1.567015808360003959e+01 1.078838174273858996e+01 8.432984191639995686e+01
9.082125603864734842e+01 1.556008047899546654e+01 9.178743961352656910e+00 8.443991952100454057e+01
8.951612903225806406e+01 1.524205840369680409e+01 1.048387096774193594e+01 8.475794159630319768e+01
8.413284132841329210e+01 1.545904263058344164e+01 1.586715867158671500e+01 8.454095736941656014e+01
9.215686274509803866e+01 1.564828614008941798e+01 7.843137254901960453e+00 8.435171385991057491e+01
8.920187793427230361e+01 1.560776500886804996e+01 1.079812206572769995e+01 8.439223499113195714e+01
8.893617021276595835e+01 1.557129390152522319e+01 1.106382978723404165e+01 8.442870609847477681e+01
9.347826086956521863e+01 1.602961099283917079e+01 6.521739130434782261e+00 8.397038900716083276e+01
8.589211618257260739e+01 1.536724535631904764e+01 1.410788381742738551e+01 8.463275464368095413e+01
8.901515151515151558e+01 1.556937332357961346e+01 1.098484848484848442e+01 8.443062667642038832e+01
8.855932203389829738e+01 1.562083747063524797e+01 1.144067796610169552e+01 8.437916252936474848e+01
8.833333333333332860e+01 1.580568490492820999e+01 1.166666666666666607e+01 8.419431509507178646e+01
8.909090909090909349e+01 1.577521177648121586e+01 1.090909090909090828e+01 8.422478822351878591e+01
8.953974895397489320e+01 1.582951709432773590e+01 1.046025104602510325e+01 8.417048290567225877e+01
9.194915254237288593e+01 1.543659924912195791e+01 8.050847457627117620e+00 8.456340075087804564e+01
8.914027149321267984e+01 1.564050189670265567e+01 1.085972850678733082e+01 8.435949810329734078e+01
8.995815899581589292e+01 1.587945311930838344e+01 1.004184100418409997e+01 8.412054688069162012e+01
9.047619047619048160e+01 1.559710291392959469e+01 9.523809523809523725e+00 8.440289708607041064e+01
9.145299145299145493e+01 1.552868486472135601e+01 8.547008547008546842e+00 8.447131513527864399e+01
8.823529411764705799e+01 1.538274486917615214e+01 1.176470588235294024e+01 8.461725513082384964e+01
9.137931034482758719e+01 1.534103290477228043e+01 8.620689655172414589e+00 8.465896709522772312e+01
9.047619047619048160e+01 1.528716216216216317e+01 9.523809523809523725e+00 8.471283783783783861e+01
9.224137931034482563e+01 1.583969003511321105e+01 7.758620689655172598e+00 8.416030996488679250e+01
8.426966292134831349e+01 1.562204036037786103e+01 1.573033707865168473e+01 8.437795963962213364e+01
9.141630901287554423e+01 1.568352286474715740e+01 8.583690987124462879e+00 8.431647713525283905e+01
8.686131386861313786e+01 1.576820711347689219e+01 1.313868613138686214e+01 8.423179288652310959e+01
9.237668161434977776e+01 1.549425958357657152e+01 7.623318385650224016e+00 8.450574041642342138e+01
8.857142857142856940e+01 1.557118602959010367e+01 1.142857142857142883e+01 8.442881397040990521e+01
9.102564102564102200e+01 1.533018296377074918e+01 8.974358974358974450e+00 8.466981703622924726e+01
9.105691056910568193e+01 1.537193288720783713e+01 8.943089430894309189e+00 8.462806711279216643e+01
8.963963963963963977e+01 1.568998109640831728e+01 1.036036036036036023e+01 8.431001890359168272e+01
9.259259259259259522e+01 1.550970111387633743e+01 7.407407407407406552e+00 8.449029888612365369e+01
9.473684210526315042e+01 1.548119210830200743e+01 5.263157894736841591e+00 8.451880789169798902e+01
9.452054794520547887e+01 1.576894004047694509e+01 5.479452054794520244e+00 8.423105995952305136e+01
8.808510638297872219e+01 1.587402034756364699e+01 1.191489361702127781e+01 8.412597965243635656e+01
8.647686832740212992e+01 1.572854869049341531e+01 1.352313167259786653e+01 8.427145130950658825e+01
9.028340080971659631e+01 1.565134753155611769e+01 9.716599190283400134e+00 8.434865246844388764e+01
9.196428571428570820e+01 1.535824477202605287e+01 8.035714285714286476e+00 8.464175522797394535e+01
9.257425742574257299e+01 1.533339789840685619e+01 7.425742574257425233e+00 8.466660210159314204e+01
8.931623931623931867e+01 1.552054189368281456e+01 1.068376068376068311e+01 8.447945810631718189e+01
9.177489177489177052e+01 1.591596019166973974e+01 8.225108225108225923e+00 8.408403980833026026e+01
8.897338403041824506e+01 1.582105571275246270e+01 1.102661596958174961e+01 8.417894428724753197e+01
9.227053140096617767e+01 1.542773580307092374e+01 7.729468599033816112e+00 8.457226419692908337e+01
9.433962264150943611e+01 1.543717175646761319e+01 5.660377358490566557e+00 8.456282824353237970e+01
9.000000000000000000e+01 1.569096950742767760e+01 1.000000000000000000e+01 8.430903049257231885e+01
8.995633187772925510e+01 1.560819122506572576e+01 1.004366812227074135e+01 8.439180877493427602e+01
8.956521739130435833e+01 1.558425822711190811e+01 1.043478260869565233e+01 8.441574177288808301e+01
8.938356164383561975e+01 1.575851844650755851e+01 1.061643835616438380e+01 8.424148155349243439e+01
8.503937007874016274e+01 1.579953537895653959e+01 1.496062992125984437e+01 8.420046462104345153e+01
8.962655601659751881e+01 1.567566249786684374e+01 1.037344398340249008e+01 8.432433750213316159e+01
8.807017543859649322e+01 1.564997076593256686e+01 1.192982456140350855e+01 8.435002923406743491e+01
9.170506912442397152e+01 1.547650714579353348e+01 8.294930875576037366e+00 8.452349285420646652e+01
9.022222222222222854e+01 1.568263882111837404e+01 9.777777777777778567e+00 8.431736117888162596e+01
8.464163822525597425e+01 1.545983984469788908e+01 1.535836177474402753e+01 8.454016015530211803e+01
9.240506329113924266e+01 1.548539934248694649e+01 7.594936708860760000e+00 8.451460065751305706e+01
8.901960784313725128e+01 1.547040528719992381e+01 1.098039215686274517e+01 8.452959471280007619e+01
9.004524886877828749e+01 1.573484369682532069e+01 9.954751131221719618e+00 8.426515630317467753e+01
8.719008264462809166e+01 1.577598828696925359e+01 1.280991735537189946e+01 8.422401171303074818e+01
8.904761904761903679e+01 1.523536276988912697e+01 1.095238095238095255e+01 8.476463723011087836e+01
8.965517241379311031e+01 1.548878749635957597e+01 1.034482758620689680e+01 8.451121250364042226e+01
8.846153846153845279e+01 1.542259657275631746e+01 1.153846153846153832e+01 8.457740342724368077e+01
9.299065420560748407e+01 1.532220957547284002e+01 7.009345794392523032e+00 8.467779042452715998e+01
9.069767441860464885e+01 1.541947365870207953e+01 9.302325581395349374e+00 8.458052634129792580e+01
9.178743961352657266e+01 1.560259474223284570e+01 8.212560386473430896e+00 8.439740525776716140e+01
9.218106995884774335e+01 1.555480493159939215e+01 7.818930041152263755e+00 8.444519506840060785e+01
9.004149377593361692e+01 1.573239988250269228e+01 9.958506224066390189e+00 8.426760011749730950e+01
8.853211009174312096e+01 1.516856657773466033e+01 1.146788990825688082e+01 8.483143342226534855e+01
8.558558558558559071e+01 1.585131540053207289e+01 1.441441441441441462e+01 8.414868459946792711e+01
9.140271493212669895e+01 1.565910188314823870e+01 8.597285067873302822e+00 8.434089811685176130e+01
8.744394618834080291e+01 1.538925478275554326e+01 1.255605381165919354e+01 8.461074521724445674e+01
9.224137931034482563e+01 1.567443198159332951e+01 7.758620689655172598e+00 8.432556801840667049e+01
9.166666666666665719e+01 1.575825624252483514e+01 8.333333333333332149e+00 8.424174375747516308e+01
8.966942148760330156e+01 1.603144470404984290e+01 1.033057851239669489e+01 8.396855529595015355e+01
8.978723404255319451e+01 1.548861595223069187e+01 1.021276595744680726e+01 8.451138404776931168e+01
9.285714285714286120e+01 1.553202341340198878e+01 7.142857142857142350e+00 8.446797658659801300e+01
8.953974895397489320e+01 1.551031277234434036e+01 1.046025104602510325e+01 8.448968722765566497e+01
8.791208791208791240e+01 1.549800214404054266e+01 1.208791208791208760e+01 8.450199785595945912e+01
8.625429553264605431e+01 1.567709217965205326e+01 1.374570446735395279e+01 8.432290782034795029e+01
8.593155893536122392e+01 1.561490049328116925e+01 1.406844106463878497e+01 8.438509950671883075e+01
8.739130434782607892e+01 1.544594528697517966e+01 1.260869565217391219e+01 8.455405471302481146e+01
8.893617021276595835e+01 1.527377521613832734e+01 1.106382978723404165e+01 8.472622478386166733e+01
9.035087719298246611e+01 1.572640431686152596e+01 9.649122807017542769e+00 8.427359568313848115e+01
8.934426229508196116e+01 1.559742023082145224e+01 1.065573770491803174e+01 8.440257976917854421e+01
8.781250000000000000e+01 1.569843184559710458e+01 1.218750000000000000e+01 8.430156815440290075e+01
8.840000000000000568e+01 1.562233433257780568e+01 1.160000000000000142e+01 8.437766566742219254e+01
9.098360655737704406e+01 1.567659574468085104e+01 9.016393442622950616e+00 8.432340425531914718e+01
9.069767441860464885e+01 1.563042639398032030e+01 9.302325581395349374e+00 8.436957360601967082e+01
8.691983122362869096e+01 1.564443570392585769e+01 1.308016877637130904e+01 8.435556429607413520e+01
9.147982062780269530e+01 1.539715759758590607e+01 8.520179372197308254e+00 8.460284240241409748e+01
8.870292887029287954e+01 1.553258053478027101e+01 1.129707112970711336e+01 8.446741946521973432e+01
8.865248226950353683e+01 1.556338028169014009e+01 1.134751773049645429e+01 8.443661971830985635e+01
8.754716981132075659e+01 1.531503051820149253e+01 1.245283018867924518e+01 8.468496948179850392e+01
8.582089552238805652e+01 1.541025579092292475e+01 1.417910447761193993e+01 8.458974420907708236e+01
9.278846153846154721e+01 1.570847639223707581e+01 7.211538461538460787e+00 8.429152360776292596e+01
8.661710037174721322e+01 1.568755439512619709e+01 1.338289962825278678e+01 8.431244560487380113e+01
9.230769230769230660e+01 1.553957184166403493e+01 7.692307692307692513e+00 8.446042815833595796e+01
9.516908212560386460e+01 1.541999515855725100e+01 4.830917874396135403e+00 8.458000484144274367e+01
8.864468864468864240e+01 1.563833915405510311e+01 1.135531135531135583e+01 8.436166084594489689e+01
8.524590163934425391e+01 1.559273329436976496e+01 1.475409836065573721e+01 8.440726670563023504e+01
9.220183486238532566e+01 1.579074660797639496e+01 7.798165137614679665e+00 8.420925339202361215e+01
9.099526066350711062e+01 1.529254996971532421e+01 9.004739336492891155e+00 8.470745003028467579e+01
8.809523809523808779e+01 1.569901896346064873e+01 1.190476190476190332e+01 8.430098103653934061e+01
9.315068493150684503e+01 1.591230551626591172e+01 6.849315068493150527e+00 8.408769448373408295e+01
9.372197309417040856e+01 1.566524129505192420e+01 6.278026905829596771e+00 8.433475870494807225e+01
9.016393442622950261e+01 1.554223009880799111e+01 9.836065573770492065e+00 8.445776990119200889e+01
8.813559322033897558e+01 1.569862881421398271e+01 1.186440677966101731e+01 8.430137118578602440e+01
8.771186440677965379e+01 1.578475553617289329e+01 1.228813559322033910e+01 8.421524446382710494e+01
9.201877934272300763e+01 1.584467051687891193e+01 7.981220657276995034e+00 8.415532948312109340e+01
8.697674418604650270e+01 1.569032070112403332e+01 1.302325581395348841e+01 8.430967929887597734e+01
9.078341013824883987e+01 1.557446602177127915e+01 9.216589861751153023e+00 8.442553397822871375e+01
9.356435643564357463e+01 1.588091136291946626e+01 6.435643564356436030e+00 8.411908863708052309e+01
9.184549356223176630e+01 1.543638890921062234e+01 8.154506437768240801e+00 8.456361109078937943e+01
9.098712446351930794e+01 1.565857780997223259e+01 9.012875536480686733e+00 8.434142219002777097e+01
8.847736625514403386e+01 1.557033147680152929e+01 1.152263374485596792e+01 8.442966852319845827e+01
9.090909090909090651e+01 1.558331105873204869e+01 9.090909090909091717e+00 8.441668894126794953e+01
9.021276595744680549e+01 1.547960523117312448e+01 9.787234042553190960e+00 8.452039476882687552e+01
9.078947368421053454e+01 1.542838999609222306e+01 9.210526315789472562e+00 8.457161000390776451e+01
9.074889867841409341e+01 1.553909144082667204e+01 9.251101321585903037e+00 8.446090855917333329e+01
8.745762711864406924e+01 1.539113381594557417e+01 1.254237288135593076e+01 8.460886618405443471e+01
9.417475728155339709e+01 1.542712355212355391e+01 5.825242718446602019e+00 8.457287644787643899e+01
8.774703557312253110e+01 1.566636710305797564e+01 1.225296442687747067e+01 8.433363289694202081e+01
9.035087719298246611e+01 1.537432504742909956e+01 9.649122807017542769e+00 8.462567495257088979e+01
9.142857142857143060e+01 1.548948229947961153e+01 8.571428571428571175e+00 8.451051770052039558e+01
8.738738738738737766e+01 1.546988186105304131e+01 1.261261261261261168e+01 8.453011813894696047e+01
9.094650205761315931e+01 1.555728874698384168e+01 9.053497942386831809e+00 8.444271125301615655e+01
8.875968992248061795e+01 1.556054678065980923e+01 1.124031007751938027e+01 8.443945321934019432e+01
8.627450980392157476e+01 1.556454363822425613e+01 1.372549019607843235e+01 8.443545636177573499e+01
8.962655601659751881e+01 1.569840807610172817e+01 1.037344398340249008e+01 8.430159192389827183e+01
9.330357142857143060e+01 1.544725328147787913e+01 6.696428571428571175e+00 8.455274671852211554e+01
8.849557522123893705e+01 1.548399630870853372e+01 1.150442477876106118e+01 8.451600369129145918e+01
8.691983122362869096e+01 1.570562939796716151e+01 1.308016877637130904e+01 8.429437060203284204e+01
8.984962406015037573e+01 1.563481436396834923e+01 1.015037593984962427e+01 8.436518563603165433e+01
9.252336448598130403e+01 1.540387466880575573e+01 7.476635514018690643e+00 8.459612533119424427e+01
8.190476190476189799e+01 1.565930692339808949e+01 1.809523809523809490e+01 8.434069307660190873e+01
8.841201716738197547e+01 1.575155097454936381e+01 1.158798283261802453e+01 8.424844902545063974e+01
8.971962616822429482e+01 1.551426836672738219e+01 1.028037383177569986e+01 8.448573163327262137e+01
8.686131386861313786e+01 1.560162740273345072e+01 1.313868613138686214e+01 8.439837259726654395e+01
9.004149377593361692e+01 1.563684978123480818e+01 9.958506224066390189e+00 8.436315021876519893e+01
8.861788617886179509e+01 1.563591083331298748e+01 1.138211382113821024e+01 8.436408916668702318e+01
8.930041152263375182e+01 1.546154032864875383e+01 1.069958847736625529e+01 8.453845967135124795e+01
9.086956521739129755e+01 1.529011392160648874e+01 9.130434782608695343e+00 8.470988607839350948e+01
8.632075471698112779e+01 1.548619740272397216e+01 1.367924528301886689e+01 8.451380259727602606e+01
8.715953307392996408e+01 1.565910693016359190e+01 1.284046692607003770e+01 8.434089306983641166e+01
9.268292682926829684e+01 1.547748400338041819e+01 7.317073170731706711e+00 8.452251599661958892e+01
9.276018099547511042e+01 1.537192088338793816e+01 7.239819004524887802e+00 8.462807911661207072e+01
8.733624454148471727e+01 1.577472340010722895e+01 1.266375545851528273e+01 8.422527659989277993e+01
9.043824701195218552e+01 1.562986003110419730e+01 9.561752988047809154e+00 8.437013996889579914e+01
8.768472906403941636e+01 1.537825145387741088e+01 1.231527093596059075e+01 8.462174854612258912e+01
9.476190476190475920e+01 1.589534290503607572e+01 5.238095238095238138e+00 8.410465709496392606e+01
8.893617021276595835e+01 1.553583981771022593e+01 1.106382978723404165e+01 8.446416018228977407e+01
8.818181818181818699e+01 1.520324413578748057e+01 1.181818181818181834e+01 8.479675586421252831e+01
8.898678414096916356e+01 1.545237165723209216e+01 1.101321585903083644e+01 8.454762834276790784e+01
8.934426229508196116e+01 1.547021867238104420e+01 1.065573770491803174e+01 8.452978132761896291e+01
8.943396226415094930e+01 1.556483924557803178e+01 1.056603773584905781e+01 8.443516075442197177e+01
8.913043478260868824e+01 1.545784883720930303e+01 1.086956521739130466e+01 8.454215116279070230e+01
8.755020080321284581e+01 1.552155504234026218e+01 1.244979919678714708e+01 8.447844495765973249e+01
8.688524590163933681e+01 1.556729522831217771e+01 1.311475409836065609e+01 8.443270477168782406e+01
8.733333333333332860e+01 1.578283440881082811e+01 1.266666666666666785e+01 8.421716559118917189e+01
8.501628664495115117e+01 1.559415035641672453e+01 1.498371335504886126e+01 8.440584964358328079e+01
8.693877551020408134e+01 1.562537822855897751e+01 1.306122448979591866e+01 8.437462177144101361e+01
9.391304347826087451e+01 1.577921286706470205e+01 6.086956521739130821e+00 8.422078713293529972e+01
9.053497942386830744e+01 1.526404043840676472e+01 9.465020576131687235e+00 8.473595956159323350e+01
8.780487804878049474e+01 1.563617905830029997e+01 1.219512195121951237e+01 8.436382094169970003e+01
8.981481481481480955e+01 1.539601554907677539e+01 1.018518518518518512e+01 8.460398445092323527e+01
8.854625550660793465e+01 1.547255180380736839e+01 1.145374449339207068e+01 8.452744819619263694e+01
9.076305220883533309e+01 1.523229059578009625e+01 9.236947791164658028e+00 8.476770940421990019e+01
9.121951219512195053e+01 1.544622146258088158e+01 8.780487804878047697e+00 8.455377853741912020e+01
8.732394366197182478e+01 1.578027101850502589e+01 1.267605633802816811e+01 8.421972898149496700e+01
9.113924050632911644e+01 1.539337549368806002e+01 8.860759493670885334e+00 8.460662450631193110e+01
8.459214501510572859e+01 1.572423909057572367e+01 1.540785498489425898e+01 8.427576090942427811e+01
8.327868852459016580e+01 1.572059864742791646e+01 1.672131147540983775e+01 8.427940135257207999e+01
9.217391304347826519e+01 1.585907383008832205e+01 7.826086956521740134e+00 8.414092616991167972e+01
9.116279069767442422e+01 1.576017966995410546e+01 8.837209302325581106e+00 8.423982033004588743e+01
9.264705882352942012e+01 1.549592276235874877e+01 7.352941176470588758e+00 8.450407723764125478e+01
8.995633187772925510e+01 1.543922779547278168e+01 1.004366812227074135e+01 8.456077220452722543e+01
8.870967741935483275e+01 1.561096895669386342e+01 1.129032258064516014e+01 8.438903104330613303e+01
8.770491803278687826e+01 1.585940330957845212e+01 1.229508196721311464e+01 8.414059669042154610e+01
9.008620689655172953e+01 1.580940745265730030e+01 9.913793103448275801e+00 8.419059254734270326e+01
9.259259259259259522e+01 1.544067466120698029e+01 7.407407407407406552e+00 8.455932533879303037e+01
8.930041152263375182e+01 1.559112280445321375e+01 1.069958847736625529e+01 8.440887719554677915e+01
8.550724637681159379e+01 1.585145810982151460e+01 1.449275362318840621e+01 8.414854189017847830e+01
9.183673469387755972e+01 1.572090330052113494e+01 8.163265306122449161e+00 8.427909669947885618e+01
9.115384615384614619e+01 1.604296185200416147e+01 8.846153846153846700e+00 8.395703814799584563e+01
8.818897637795275557e+01 1.570456567210828602e+01 1.181102362204724443e+01 8.429543432789171220e+01
8.873239436619718390e+01 1.525907299499504255e+01 1.126760563380281788e+01 8.474092700500494857e+01
8.633093525179856442e+01 1.564350644603124429e+01 1.366906474820143913e+01 8.435649355396876103e+01
9.174311926605504652e+01 1.545634633038604733e+01 8.256880733944955253e+00 8.454365366961394557e+01
9.082969432314411051e+01 1.540743622790166079e+01 9.170305676855896593e+00 8.459256377209834454e+01
8.982300884955751030e+01 1.556864456079115833e+01 1.017699115044247904e+01 8.443135543920884345e+01
9.519230769230769340e+01 1.597590010203585820e+01 4.807692307692308376e+00 8.402409989796414891e+01
9.041095890410957736e+01 1.590747940047433850e+01 9.589041095890410205e+00 8.409252059952565617e+01
8.333333333333334281e+01 1.552967948097220763e+01 1.666666666666666430e+01 8.447032051902777994e+01
9.162995594713656544e+01 1.544331395348837255e+01 8.370044052863436335e+00 8.455668604651162923e+01
8.928571428571429180e+01 1.597809493808912151e+01 1.071428571428571352e+01 8.402190506191087138e+01
8.773946360153256308e+01 1.558973359007482884e+01 1.226053639846743160e+01 8.441026640992517116e+01
8.440677966101695517e+01 1.621746646215275334e+01 1.559322033898305193e+01 8.378253353784724311e+01
9.159292035398229359e+01 1.552163467372048267e+01 8.407079646017699304e+00 8.447836532627951556e+01
9.020408163265307167e+01 1.570867287543655522e+01 9.795918367346938993e+00 8.429132712456343768e+01
9.042145593869732068e+01 1.554799314556030154e+01 9.578544061302682877e+00 8.445200685443970201e+01
8.991228070175438347e+01 1.575189430736351248e+01 1.008771929824561298e+01 8.424810569263648574e+01
9.227467811158798838e+01 1.550449213575161878e+01 7.725321888412017834e+00 8.449550786424838122e+01
9.049586776859503345e+01 1.580958914177915986e+01 9.504132231404959441e+00 8.419041085822084369e+01
8.524590163934425391e+01 1.549107360023349500e+01 1.475409836065573721e+01 8.450892639976650855e+01
9.090909090909090651e+01 1.557404891304347849e+01 9.090909090909091717e+00 8.442595108695651618e+01
8.602941176470588402e+01 1.577357563850687683e+01 1.397058823529411775e+01 8.422642436149313028e+01
9.133858267716536261e+01 1.566657027183343054e+01 8.661417322834646271e+00 8.433342972816657834e+01
8.657243816254417368e+01 1.582501467997651190e+01 1.342756183745583165e+01 8.417498532002348099e+01
9.107981220657276822e+01 1.564244448236355112e+01 8.920187793427230005e+00 8.435755551763645599e+01
9.372197309417040856e+01 1.528823272303433356e+01 6.278026905829596771e+00 8.471176727696565933e+01
8.828125000000000000e+01 1.560918271883320863e+01 1.171875000000000000e+01 8.439081728116678960e+01
9.086538461538461320e+01 1.530538227187001254e+01 9.134615384615383249e+00 8.469461772812998390e+01
9.553571428571429180e+01 1.548599269183922011e+01 4.464285714285714413e+00 8.451400730816077100e+01
8.740157480314960026e+01 1.551824252395238624e+01 1.259842519685039264e+01 8.448175747604761909e+01
8.838028169014084767e+01 1.543575310559006120e+01 1.161971830985915410e+01 8.456424689440993347e+01
8.995433789954337556e+01 1.541380820318201650e+01 1.004566210045662089e+01 8.458619179681797107e+01
8.814229249011857803e+01 1.543286714993531916e+01 1.185770750988142197e+01 8.456713285006468084e+01
8.614457831325302095e+01 1.550231576905356512e+01 1.385542168674698793e+01 8.449768423094643310e+01
9.042145593869732068e+01 1.549499927525728538e+01 9.578544061302682877e+00 8.450500072474271462e+01
8.760330578512396471e+01 1.563132113177198868e+01 1.239669421487603351e+01 8.436867886822800244e+01
9.318181818181817277e+01 1.546558119369911921e+01 6.818181818181817455e+00 8.453441880630087724e+01
8.765432098765431590e+01 1.541597317702679781e+01 1.234567901234567877e+01 8.458402682297320041e+01
8.996282527881041347e+01 1.537211727332250177e+01 1.003717472118959186e+01 8.462788272667749823e+01
8.981481481481480955e+01 1.585229482691559788e+01 1.018518518518518512e+01 8.414770517308440390e+01
8.861788617886179509e+01 1.565031256841234786e+01 1.138211382113821024e+01 8.434968743158765392e+01
8.976744186046511231e+01 1.545086242449237091e+01 1.023255813953488413e+01 8.454913757550762909e+01
9.112149532710280653e+01 1.549543472499939867e+01 8.878504672897195249e+00 8.450456527500060133e+01
9.051724137931034875e+01 1.583250683374053658e+01 9.482758620689654805e+00 8.416749316625946165e+01
9.135802469135802539e+01 1.552742411773248854e+01 8.641975308641974607e+00 8.447257588226750613e+01
9.029535864978902282e+01 1.540816818554414347e+01 9.704641350210970074e+00 8.459183181445585831e+01
9.173913043478260931e+01 1.592881627890015395e+01 8.260869565217390686e+00 8.407118372109985671e+01
9.238095238095237960e+01 1.580801944106925916e+01 7.619047619047619513e+00 8.419198055893075150e+01
9.177489177489177052e+01 1.513897960664779774e+01 8.225108225108225923e+00 8.486102039335220582e+01
8.491803278688524870e+01 1.548751629883614278e+01 1.508196721311475486e+01 8.451248370116385900e+01
9.256198347107438451e+01 1.522800507762913647e+01 7.438016528925619930e+00 8.477199492237086531e+01
8.955823293172690569e+01 1.564363209852409398e+01 1.044176706827309253e+01 8.435636790147590602e+01
9.009009009009008651e+01 1.562782736275828377e+01 9.909909909909909942e+00 8.437217263724171801e+01
9.154929577464788792e+01 1.578921723877506267e+01 8.450704225352112076e+00 8.421078276122493378e+01
9.288888888888888573e+01 1.544021343681785119e+01 7.111111111111110716e+00 8.455978656318214348e+01
8.803088803088803616e+01 1.547367654554722094e+01 1.196911196911196917e+01 8.452632345445277906e+01
8.566308243727598892e+01 1.576174942612057528e+01 1.433691756272401285e+01 8.423825057387942650e+01
9.224137931034482563e+01 1.535257652072839996e+01 7.758620689655172598e+00 8.464742347927159472e+01
9.516908212560386460e+01 1.544581751348214027e+01 4.830917874396135403e+00 8.455418248651785973e+01
8.731343283582089043e+01 1.539474968283400003e+01 1.268656716417910424e+01 8.460525031716599642e+01
8.765957446808511122e+01 1.549886593663878287e+01 1.234042553191489411e+01 8.450113406336122068e+01
9.409282700421941570e+01 1.593872549019607909e+01 5.907172995780590519e+00 8.406127450980392268e+01
9.257641921397380713e+01 1.559044401778987599e+01 7.423580786026201750e+00 8.440955598221012224e+01
8.703703703703703809e+01 1.566563167087133834e+01 1.296296296296296191e+01 8.433436832912866521e+01
9.162995594713656544e+01 1.543053457433848408e+01 8.370044052863436335e+00 8.456946542566151948e+01
9.380952380952381020e+01 1.547909747997655927e+01 6.190476190476190688e+00 8.452090252002344073e+01
8.942731277533039247e+01 1.545049840317429535e+01 1.057268722466960398e+01 8.454950159682570643e+01
8.971193415637860369e+01 1.566774373800442177e+01 1.028806584362139986e+01 8.433225626199558178e+01
8.853211009174312096e+01 1.531153818190630922e+01 1.146788990825688082e+01 8.468846181809369966e+01
9.140271493212669895e+01 1.540588148945539970e+01 8.597285067873302822e+00 8.459411851054460385e+01
9.308755760368663346e+01 1.525815879201168812e+01 6.912442396313364767e+00 8.474184120798831543e+01
9.330143540669855895e+01 1.605051998739424590e+01 6.698564593301435721e+00 8.394948001260576120e+01
9.237668161434977776e+01 1.523802587818318699e+01 7.623318385650224016e+00 8.476197412181682012e+01
9.144144144144144093e+01 1.588812417630692586e+01 8.558558558558559071e+00 8.411187582369306881e+01
8.949579831932773288e+01 1.535539749358881245e+01 1.050420168067226889e+01 8.464460250641117511e+01
8.841201716738197547e+01 1.568874766536493048e+01 1.158798283261802453e+01 8.431125233463507129e+01
8.620689655172412813e+01 1.565482823780221722e+01 1.379310344827586121e+01 8.434517176219777923e+01
8.566775244299674341e+01 1.539347879382201612e+01 1.433224755700325836e+01 8.460652120617798744e+01
8.924302788844620693e+01 1.546243479108770913e+01 1.075697211155378419e+01 8.453756520891229798e+01
9.198312236286919585e+01 1.547497941190718329e+01 8.016877637130802370e+00 8.452502058809281493e+01
8.924302788844620693e+01 1.530907131661441944e+01 1.075697211155378419e+01 8.469092868338557878e+01
9.528301886792452535e+01 1.599464980544746950e+01 4.716981132075471983e+00 8.400535019455253405e+01
9.293680297397769152e+01 1.552592520499282180e+01 7.063197026022304925e+00 8.447407479500718352e+01
9.230769230769230660e+01 1.560817039444956578e+01 7.692307692307692513e+00 8.439182960555044133e+01
9.083665338645417364e+01 1.563431923735027951e+01 9.163346613545817476e+00 8.436568076264971694e+01
8.983050847457627697e+01 1.545096705219166111e+01 1.016949152542373014e+01 8.454903294780832823e+01
9.098360655737704406e+01 1.587608906098741635e+01 9.016393442622950616e+00 8.412391093901257477e+01
8.666666666666667140e+01 1.558828558169072487e+01 1.333333333333333393e+01 8.441171441830927336e+01
8.494208494208493221e+01 1.539753639417692987e+01 1.505791505791505891e+01 8.460246360582306124e+01
8.596491228070175339e+01 1.532003944868063350e+01 1.403508771929824483e+01 8.467996055131936828e+01
8.702290076335877700e+01 1.560928433268858839e+01 1.297709923664122122e+01 8.439071566731141161e+01
8.809523809523808779e+01 1.561896850797683811e+01 1.190476190476190332e+01 8.438103149202316899e+01
8.867924528301887221e+01 1.555841070519502445e+01 1.132075471698113311e+01 8.444158929480497022e+01
9.173913043478260931e+01 1.551184730676884982e+01 8.260869565217390686e+00 8.448815269323114308e+01
9.321266968325791424e+01 1.564215817857927071e+01 6.787330316742081315e+00 8.435784182142073462e+01
9.013452914798206450e+01 1.573594226764178927e+01 9.865470852017937275e+00 8.426405773235821073e+01
8.986175115207373665e+01 1.578194340034434973e+01 1.013824884792626690e+01 8.421805659965563962e+01
9.305555555555555713e+01 1.580551523947750248e+01 6.944444444444444642e+00 8.419448476052249930e+01
8.834080717488788537e+01 1.560994790130738252e+01 1.165919282511210753e+01 8.439005209869262103e+01
8.902439024390244526e+01 1.543500858171972823e+01 1.097560975609756184e+01 8.456499141828027177e+01
8.765432098765431590e+01 1.536429298560279300e+01 1.234567901234567877e+01 8.463570701439721233e+01
9.029535864978902282e+01 1.543390342542513238e+01 9.704641350210970074e+00 8.456609657457487117e+01
9.315068493150684503e+01 1.546804483913233241e+01 6.849315068493150527e+00 8.453195516086766759e+01
8.875502008032128742e+01 1.562750869681562804e+01 1.124497991967871435e+01 8.437249130318437551e+01
8.591549295774647987e+01 1.549336760676091806e+01 1.408450704225352190e+01 8.450663239323907305e+01
8.619246861924686698e+01 1.553262955854126659e+01 1.380753138075313835e+01 8.446737044145874052e+01
9.186602870813396748e+01 1.602855759922555734e+01 8.133971291866028963e+00 8.397144240077444977e+01
8.918918918918919303e+01 1.515268371454050111e+01 1.081081081081081052e+01 8.484731628545949889e+01
9.711538461538461320e+01 1.563593369205897332e+01 2.884615384615384581e+00 8.436406630794103023e+01
8.869565217391304657e+01 1.542161650025508379e+01 1.130434782608695699e+01 8.457838349974491621e+01
8.875502008032128742e+01 1.531549083116187404e+01 1.124497991967871435e+01 8.468450916883813306e+01
9.162790697674418539e+01 1.570282202004927008e+01 8.372093023255814614e+00 8.429717797995073170e+01
9.107981220657276822e+01 1.548922298447915047e+01 8.920187793427230005e+00 8.451077701552084420e+01
8.489932885906040383e+01 1.564069589692572748e+01 1.510067114093959795e+01 8.435930410307427962e+01
9.003690036900368909e+01 1.553123641107406705e+01 9.963099630996309131e+00 8.446876358892593828e+01
9.020408163265307167e+01 1.576187612748045552e+01 9.795918367346938993e+00 8.423812387251953737e+01
8.985507246376810997e+01 1.599354980576119445e+01 1.014492753623188470e+01 8.400645019423879489e+01
9.103139013452914696e+01 1.541215193522811866e+01 8.968609865470851261e+00 8.458784806477187601e+01
8.552188552188552251e+01 1.564006297686811386e+01 1.447811447811447927e+01 8.435993702313189146e+01
8.730158730158730407e+01 1.570953382575942747e+01 1.269841269841269771e+01 8.429046617424057786e+01
9.137931034482758719e+01 1.540725963409887100e+01 8.620689655172414589e+00 8.459274036590113610e+01
8.940677966101694096e+01 1.516972354808228118e+01 1.059322033898305015e+01 8.483027645191771171e+01
9.192825112107622942e+01 1.552129542093908299e+01 8.071748878923767023e+00 8.447870457906091701e+01
9.000000000000000000e+01 1.578343544804354792e+01 1.000000000000000000e+01 8.421656455195645208e+01
9.144144144144144093e+01 1.569718224694642572e+01 8.558558558558559071e+00 8.430281775305357428e+01
9.038461538461538680e+01 1.538350599716366496e+01 9.615384615384616751e+00 8.461649400283633327e+01
9.181818181818182723e+01 1.614343248095492100e+01 8.181818181818181657e+00 8.385656751904507189e+01
9.357798165137614887e+01 1.537899276368686685e+01 6.422018348623853790e+00 8.462100723631313315e+01
8.984375000000000000e+01 1.544650040225261378e+01 1.015625000000000000e+01 8.455349959774738977e+01
8.834080717488788537e+01 1.544212238161120432e+01 1.165919282511210753e+01 8.455787761838880101e+01
8.943089430894308123e+01 1.576585318519237155e+01 1.056910569105691167e+01 8.423414681480763022e+01
8.597122302158273044e+01 1.540235525024533914e+01 1.402877697841726423e+01 8.459764474975466442e+01
9.158878504672897236e+01 1.551812273313697332e+01 8.411214953271027639e+00 8.448187726686302312e+01
8.442028985507246830e+01 1.533755682367733719e+01 1.557971014492753525e+01 8.466244317632266814e+01
9.037656903765690686e+01 1.532963052402801196e+01 9.623430962343096695e+00 8.467036947597198093e+01
9.301310043668121352e+01 1.565913348091565993e+01 6.986899563318776707e+00 8.434086651908434362e+01
8.846153846153845279e+01 1.560505690228337095e+01 1.153846153846153832e+01 8.439494309771662017e+01
9.191489361702127781e+01 1.564217158766209792e+01 8.085106382978723971e+00 8.435782841233789497e+01
8.879999999999999716e+01 1.556336321783377841e+01 1.120000000000000107e+01 8.443663678216621804e+01
9.036144578313253817e+01 1.553055210540415487e+01 9.638554216867470714e+00 8.446944789459584513e+01
9.247787610619468524e+01 1.563052053335914593e+01 7.522123893805310324e+00 8.436947946664085407e+01
8.725868725868726017e+01 1.543576752569786059e+01 1.274131274131274161e+01 8.456423247430213053e+01
9.264069264069264875e+01 1.538443061994091110e+01 7.359307359307360130e+00 8.461556938005908535e+01
9.216589861751151602e+01 1.571695239966596169e+01 7.834101382488478649e+00 8.428304760033404364e+01
9.115044247787609777e+01 1.538124771981028616e+01 8.849557522123893349e+00 8.461875228018971029e+01
9.124423963133641280e+01 1.573316397567112190e+01 8.755760368663594306e+00 8.426683602432888165e+01
8.931623931623931867e+01 1.524957800819869647e+01 1.068376068376068311e+01 8.475042199180130353e+01
9.259259259259259522e+01 1.534934497816593790e+01 7.407407407407406552e+00 8.465065502183406920e+01
9.212598425196850371e+01 1.548366681271603262e+01 7.874015748031496287e+00 8.451633318728396205e+01
8.903508771929824661e+01 1.580391968026195393e+01 1.096491228070175339e+01 8.419608031973804430e+01
8.988326848249027989e+01 1.550705970983498894e+01 1.011673151750972721e+01 8.449294029016500929e+01
8.628158844765343360e+01 1.573472356935014460e+01 1.371841155234657172e+01 8.426527643064984829e+01
9.013452914798206450e+01 1.560423993747557603e+01 9.865470852017937275e+00 8.439576006252443108e+01
8.875968992248061795e+01 1.563317922751400424e+01 1.124031007751938027e+01 8.436682077248599398e+01
9.114391143911439030e+01 1.562583367690927005e+01 8.856088560885607919e+00 8.437416632309073350e+01
8.875502008032128742e+01 1.543766967495781017e+01 1.124497991967871435e+01 8.456233032504218272e+01
8.925233644859812898e+01 1.543277016411669322e+01 1.074766355140186924e+01 8.456722983588331033e+01
8.927203065134099802e+01 1.556136791415091913e+01 1.072796934865900376e+01 8.443863208584907909e+01
8.770491803278687826e+01 1.568732107331748438e+01 1.229508196721311464e+01 8.431267892668252273e+01
9.057971014492753170e+01 1.549278641461693873e+01 9.420289855072464746e+00 8.450721358538307015e+01
9.372197309417040856e+01 1.531945788964181787e+01 6.278026905829596771e+00 8.468054211035817502e+01
8.734177215189873777e+01 1.552826747720364686e+01 1.265822784810126578e+01 8.447173252279634426e+01
9.000000000000000000e+01 1.555604267134297913e+01 1.000000000000000000e+01 8.444395732865702087e+01
9.224137931034482563e+01 1.543710852769856956e+01 7.758620689655172598e+00 8.456289147230143044e+01
8.951048951048950642e+01 1.548194654927713998e+01 1.048951048951049003e+01 8.451805345072286002e+01
9.049773755656109131e+01 1.533025740650801261e+01 9.502262443438914019e+00 8.466974259349197496e+01
9.364406779661015889e+01 1.530950986135520253e+01 6.355932203389830448e+00 8.469049013864479036e+01
8.968609865470853038e+01 1.535277744160716473e+01 1.031390134529148028e+01 8.464722255839282639e+01
8.828451882845187981e+01 1.578820057569966728e+01 1.171548117154811663e+01 8.421179942430032384e+01
8.986784140969163559e+01 1.567763222692800085e+01 1.013215859030836974e+01 8.432236777307198849e+01
8.927038626609441963e+01 1.533718596610005669e+01 1.072961373390558037e+01 8.466281403389994864e+01
9.315068493150684503e+01 1.538833776917493346e+01 6.849315068493150527e+00 8.461166223082507543e+01
8.487972508591064980e+01 1.567379000780640119e+01 1.512027491408934665e+01 8.432620999219359703e+01
8.991596638655462925e+01 1.570454045331181625e+01 1.008403361344537785e+01 8.429545954668817842e+01
9.411764705882352189e+01 1.535260727342697606e+01 5.882352941176470118e+00 8.464739272657301683e+01
8.727915194346289240e+01 1.540567386195702326e+01 1.272084805653710049e+01 8.459432613804297318e+01
8.893129770992366900e+01 1.553863576127026924e+01 1.106870229007633633e+01 8.446136423872972898e+01
9.198312236286919585e+01 1.570868954642883608e+01 8.016877637130802370e+00 8.429131045357117102e+01
9.069767441860464885e+01 1.560283687943262443e+01 9.302325581395349374e+00 8.439716312056737024e+01
8.995815899581589292e+01 1.532523196064583892e+01 1.004184100418409997e+01 8.467476803935416285e+01
9.107981220657276822e+01 1.549838914380552524e+01 8.920187793427230005e+00 8.450161085619447476e+01
9.182692307692306599e+01 1.584090686993061503e+01 8.173076923076923350e+00 8.415909313006937964e+01
9.090909090909090651e+01 1.559164847027650325e+01 9.090909090909091717e+00 8.440835152972350386e+01
9.248826291079812734e+01 1.533520576382952605e+01 7.511737089201877993e+00 8.466479423617046507e+01
9.082568807339448824e+01 1.573882827497387815e+01 9.174311926605504652e+00 8.426117172502611652e+01
8.883720930232557578e+01 1.562886597938144284e+01 1.116279069767441889e+01 8.437113402061855538e+01
8.881118881118881347e+01 1.534633033091359344e+01 1.118881118881118830e+01 8.465366966908641189e+01
9.260869565217390686e+01 1.561155946455323118e+01 7.391304347826086918e+00 8.438844053544677593e+01
9.159292035398229359e+01 1.554330213548090711e+01 8.407079646017699304e+00 8.445669786451908578e+01
9.149797570850202533e+01 1.526715704124487161e+01 8.502024291497974673e+00 8.473284295875512839e+01
8.630136986301370428e+01 1.587332379543635952e+01 1.369863013698630105e+01 8.412667620456363693e+01
8.719512195121950526e+01 1.568680242803994496e+01 1.280487804878048763e+01 8.431319757196004616e+01
8.764940239043824022e+01 1.537468958465209035e+01 1.235059760956175268e+01 8.462531041534791143e+01
8.787878787878787534e+01 1.543539462188137179e+01 1.212121212121212110e+01 8.456460537811862821e+01
9.282296650717702846e+01 1.591284492809949569e+01 7.177033492822966210e+00 8.408715507190051142e+01
9.078341013824883987e+01 1.528450949980612528e+01 9.216589861751153023e+00 8.471549050019386584e+01
9.282511210762332610e+01 1.559635264287107503e+01 7.174887892376681897e+00 8.440364735712893207e+01
8.828451882845187981e+01 1.537223536296910531e+01 1.171548117154811663e+01 8.462776463703090712e+01
9.185520361990950278e+01 1.565786910790806452e+01 8.144796380090497223e+00 8.434213089209194436e+01
8.893129770992366900e+01 1.580885940091716435e+01 1.106870229007633633e+01 8.419114059908284275e+01
9.212962962962963331e+01 1.538011268017853084e+01 7.870370370370370239e+00 8.461988731982145850e+01
8.802816901408451145e+01 1.544685902560748225e+01 1.197183098591549211e+01 8.455314097439251952e+01
8.935185185185184764e+01 1.521755009617491794e+01 1.064814814814814881e+01 8.478244990382508206e+01
8.713692946058091593e+01 1.561549234558362009e+01 1.286307053941908585e+01 8.438450765441638168e+01
8.698884758364312120e+01 1.575589323982076806e+01 1.301115241635687703e+01 8.424410676017922128e+01
9.150579150579150678e+01 1.570587662969449383e+01 8.494208494208493221e+00 8.429412337030551328e+01
8.700787401574802971e+01 1.512808001951695402e+01 1.299212598425196674e+01 8.487191998048304242e+01
9.216589861751151602e+01 1.505464152756094620e+01 7.834101382488478649e+00 8.494535847243905380e+01
9.055118110236219309e+01 1.583874849578820765e+01 9.448818897637794478e+00 8.416125150421180479e+01
9.011406844106464575e+01 1.558597679154093463e+01 9.885931558935361352e+00 8.441402320845907070e+01
