9.368932038834951470e+01 1.570135264671423947e+01 6.310679611650485299e+00 8.429864735328575875e+01
8.923766816143498204e+01 1.577201896298815775e+01 1.076233183856502329e+01 8.422798103701184402e+01
8.818565400843881719e+01 1.557343893040386540e+01 1.181434599156118104e+01 8.442656106959613282e+01
8.923076923076924061e+01 1.587886795669593276e+01 1.076923076923077005e+01 8.412113204330407257e+01
8.740458015267175540e+01 1.589367474987281526e+01 1.259541984732824282e+01 8.410632525012718474e+01
8.828125000000000000e+01 1.566131945182194762e+01 1.171875000000000000e+01 8.433868054817804705e+01
8.549618320610686339e+01 1.561143732448302401e+01 1.450381679389312950e+01 8.438856267551697954e+01
8.884297520661156966e+01 1.610451205826928245e+01 1.115702479338843034e+01 8.389548794173072110e+01
9.035087719298246611e+01 1.594682965400807895e+01 9.649122807017542769e+00 8.405317034599192993e+01
8.879310344827587187e+01 1.572357586250580574e+01 1.120689655172413879e+01 8.427642413749420314e+01
8.785425101214573829e+01 1.585196574625750188e+01 1.214574898785425106e+01 8.414803425374249457e+01
9.433962264150943611e+01 1.582699925061556634e+01 5.660377358490566557e+00 8.417300074938442833e+01
8.906250000000000000e+01 1.577470220241666077e+01 1.093750000000000000e+01 8.422529779758333746e+01
9.223744292237442721e+01 1.603371026242799147e+01 7.762557077625570123e+00 8.396628973757201209e+01
8.726591760299625378e+01 1.591477357724445874e+01 1.273408239700374622e+01 8.408522642275553949e+01
8.967136150234740910e+01 1.568190972884733725e+01 1.032863849765258202e+01 8.431809027115266986e+01
9.198113207547169168e+01 1.629441407584557666e+01 8.018867924528301216e+00 8.370558592415441979e+01
8.901515151515151558e+01 1.608912480469167861e+01 1.098484848484848442e+01 8.391087519530832139e+01
9.383886255924170428e+01 1.579484562388364388e+01 6.161137440758293948e+00 8.420515437611635434e+01
9.262672811059907474e+01 1.547234366090096991e+01 7.373271889400921708e+00 8.452765633909903897e+01
8.812260536398467536e+01 1.567450286484664623e+01 1.187739463601532641e+01 8.432549713515335554e+01
8.693877551020408134e+01 1.621718958540770572e+01 1.306122448979591866e+01 8.378281041459229073e+01
8.771929824561402711e+01 1.577662172205117308e+01 1.228070175438596401e+01 8.422337827794882514e+01
9.209302325581396076e+01 1.587301587301587169e+01 7.906976744186046346e+00 8.412698412698412653e+01
9.170305676855895172e+01 1.582900057770075009e+01 8.296943231441048283e+00 8.417099942229924636e+01
9.513274336283186017e+01 1.596080029163896796e+01 4.867256637168141609e+00 8.403919970836103914e+01
8.669354838709676869e+01 1.589405377894647664e+01 1.330645161290322420e+01 8.410594622105352869e+01
8.962655601659751881e+01 1.595545334525786707e+01 1.037344398340249008e+01 8.404454665474213471e+01
8.888888888888888573e+01 1.577715355805243469e+01 1.111111111111111072e+01 8.422284644194756709e+01
8.814229249011857803e+01 1.604185199305290865e+01 1.185770750988142197e+01 8.395814800694708424e+01
9.106382978723404165e+01 1.595150640140979625e+01 8.936170212765958354e+00 8.404849359859019842e+01
8.700361010830324915e+01 1.585350209527067378e+01 1.299638989169674907e+01 8.414649790472932978e+01
9.364406779661015889e+01 1.596142744125382329e+01 6.355932203389830448e+00 8.403857255874618204e+01
9.124423963133641280e+01 1.582229816317812876e+01 8.755760368663594306e+00 8.417770183682186769e+01
8.888888888888888573e+01 1.570258456053982776e+01 1.111111111111111072e+01 8.429741543946016691e+01
9.159292035398229359e+01 1.617420679038740872e+01 8.407079646017699304e+00 8.382579320961258418e+01
8.773234200743495137e+01 1.595034246575342607e+01 1.226765799256505574e+01 8.404965753424657748e+01
8.979591836734694255e+01 1.602145274224785609e+01 1.020408163265306101e+01 8.397854725775214035e+01
9.611650485436894087e+01 1.566768234216189803e+01 3.883495145631067569e+00 8.433231765783810374e+01
8.966942148760330156e+01 1.600493638027150212e+01 1.033057851239669489e+01 8.399506361972849788e+01
8.376811594202898448e+01 1.626874906654718345e+01 1.623188405797101197e+01 8.373125093345281300e+01
8.603773584905660243e+01 1.576681576681576757e+01 1.396226415094339579e+01 8.423318423318423243e+01
9.032258064516128115e+01 1.581736476174326000e+01 9.677419354838709964e+00 8.418263523825673644e+01
8.927203065134099802e+01 1.547419908103415409e+01 1.072796934865900376e+01 8.452580091896584236e+01
8.697318007662835271e+01 1.586770162494135761e+01 1.302681992337164729e+01 8.413229837505863884e+01
8.712121212121212466e+01 1.584952601552781815e+01 1.287878787878787890e+01 8.415047398447218541e+01
9.241071428571429180e+01 1.569807427785419662e+01 7.589285714285713524e+00 8.430192572214581048e+01
9.063829787234041646e+01 1.574650821658623556e+01 9.361702127659574657e+00 8.425349178341376444e+01
8.808664259927797957e+01 1.605310034778183237e+01 1.191335740072202221e+01 8.394689965221816408e+01
9.316239316239315826e+01 1.566049776643267322e+01 6.837606837606838184e+00 8.433950223356731613e+01
8.953974895397489320e+01 1.603072928858717461e+01 1.046025104602510325e+01 8.396927071141281829e+01
8.652173913043478137e+01 1.584654055896387348e+01 1.347826086956521685e+01 8.415345944103613363e+01
8.966942148760330156e+01 1.596586666666666687e+01 1.033057851239669489e+01 8.403413333333334378e+01
8.869565217391304657e+01 1.608329075114972184e+01 1.130434782608695699e+01 8.391670924885028171e+01
8.640350877192982182e+01 1.571319603356216632e+01 1.359649122807017640e+01 8.428680396643783013e+01
9.246861924686193390e+01 1.584681065847862236e+01 7.531380753138075868e+00 8.415318934152136876e+01
8.986175115207373665e+01 1.603077705710288825e+01 1.013824884792626690e+01 8.396922294289711886e+01
9.109311740890689180e+01 1.594793555958604614e+01 8.906882591093117085e+00 8.405206444041395741e+01
8.677685950413223281e+01 1.576536455019722460e+01 1.322314049586776896e+01 8.423463544980278073e+01
8.875502008032128742e+01 1.577282377919320666e+01 1.124497991967871435e+01 8.422717622080679689e+01
8.598130841121495394e+01 1.600474465696553850e+01 1.401869158878504606e+01 8.399525534303445795e+01
8.976744186046511231e+01 1.571331435128128717e+01 1.023255813953488413e+01 8.428668564871870217e+01
9.411764705882352189e+01 1.590865721010113809e+01 5.882352941176470118e+00 8.409134278989886013e+01
9.342105263157894512e+01 1.597236981934112521e+01 6.578947368421052211e+00 8.402763018065887479e+01
9.059829059829060327e+01 1.598235782924594695e+01 9.401709401709402059e+00 8.401764217075405838e+01
8.550724637681159379e+01 1.557771883289124659e+01 1.449275362318840621e+01 8.442228116710874986e+01
9.083333333333332860e+01 1.588170165651748000e+01 9.166666666666666075e+00 8.411829834348252177e+01
8.865546218487394015e+01 1.584613754371092575e+01 1.134453781512605097e+01 8.415386245628907602e+01
9.095022624434389513e+01 1.614147083395814164e+01 9.049773755656108420e+00 8.385852916604186191e+01
9.273504273504273954e+01 1.594024529983448524e+01 7.264957264957265792e+00 8.405975470016551299e+01
9.007633587786259000e+01 1.585491357402390200e+01 9.923664122137404675e+00 8.414508642597610333e+01
8.854625550660793465e+01 1.616142317326879763e+01 1.145374449339207068e+01 8.383857682673119882e+01
8.783269961977185858e+01 1.560707152267221964e+01 1.216730038022813609e+01 8.439292847732777147e+01
9.071729957805906963e+01 1.577585475523882153e+01 9.282700421940928592e+00 8.422414524476117492e+01
9.220183486238532566e+01 1.584350307754563225e+01 7.798165137614679665e+00 8.415649692245436597e+01
8.727272727272726627e+01 1.584141640899657055e+01 1.272727272727272663e+01 8.415858359100343478e+01
9.350649350649349856e+01 1.614329754438184494e+01 6.493506493506492561e+00 8.385670245561816216e+01
9.132231404958676535e+01 1.581604514021467089e+01 8.677685950413223992e+00 8.418395485978533088e+01
9.059233449477352451e+01 1.566428526001144839e+01 9.407665505226480818e+00 8.433571473998856050e+01
9.049586776859503345e+01 1.591194033022376075e+01 9.504132231404959441e+00 8.408805966977624280e+01
8.930041152263375182e+01 1.597143529109918347e+01 1.069958847736625529e+01 8.402856470890081653e+01
8.626760563380281610e+01 1.589756700328092442e+01 1.373239436619718390e+01 8.410243299671907380e+01
8.721311475409837044e+01 1.577770611630656639e+01 1.278688524590163844e+01 8.422229388369343894e+01
8.860294117647057988e+01 1.584422174299124642e+01 1.139705882352941124e+01 8.415577825700874826e+01
9.068825910931174406e+01 1.554719227743403209e+01 9.311740890688259498e+00 8.445280772256596435e+01
9.159292035398229359e+01 1.601309951405028542e+01 8.407079646017699304e+00 8.398690048594971813e+01
8.396946564885496400e+01 1.568015953835709375e+01 1.603053435114503600e+01 8.431984046164289737e+01
9.181818181818182723e+01 1.587891208744289173e+01 8.181818181818181657e+00 8.412108791255710116e+01
9.009009009009008651e+01 1.604047775632730222e+01 9.909909909909909942e+00 8.395952224367270844e+01
8.951965065502183450e+01 1.558491288531495300e+01 1.048034934497816550e+01 8.441508711468505055e+01
9.146919431279620483e+01 1.627754237288135641e+01 8.530805687203791621e+00 8.372245762711864359e+01
8.811475409836066319e+01 1.585472175558721730e+01 1.188524590163934391e+01 8.414527824441277915e+01
9.302325581395348308e+01 1.593779133824900462e+01 6.976744186046511587e+00 8.406220866175098649e+01
8.878923766816143370e+01 1.597498334372111906e+01 1.121076233183856630e+01 8.402501665627887917e+01
9.063829787234041646e+01 1.612649063032367991e+01 9.361702127659574657e+00 8.387350936967632720e+01
9.272727272727271952e+01 1.558627467737800032e+01 7.272727272727272485e+00 8.441372532262199968e+01
9.244444444444444287e+01 1.588623406572288665e+01 7.555555555555555358e+00 8.411376593427711157e+01
8.818897637795275557e+01 1.568947949392884489e+01 1.181102362204724443e+01 8.431052050607115689e+01
8.938053097345132869e+01 1.581065138619701571e+01 1.061946902654867309e+01 8.418934861380297718e+01
9.136363636363637397e+01 1.595421137112444043e+01 8.636363636363636687e+00 8.404578862887555601e+01
9.365853658536586579e+01 1.579772472088638224e+01 6.341463414634146645e+00 8.420227527911362131e+01
8.745387453874539574e+01 1.575744680851063961e+01 1.254612546125461137e+01 8.424255319148936394e+01
9.176029962546816421e+01 1.581441010756359766e+01 8.239700374531834015e+00 8.418558989243639701e+01
8.899082568807340010e+01 1.603230990442358106e+01 1.100917431192660700e+01 8.396769009557641539e+01
9.067796610169492055e+01 1.593069708816680574e+01 9.322033898305084776e+00 8.406930291183320492e+01
8.913857677902620935e+01 1.575891154155893759e+01 1.086142322097378354e+01 8.424108845844105531e+01
8.684210526315790446e+01 1.591064120054570274e+01 1.315789473684210442e+01 8.408935879945428837e+01
9.275362318840579690e+01 1.586512941376308561e+01 7.246376811594203105e+00 8.413487058623691439e+01
8.768656716417910957e+01 1.574605604456350783e+01 1.231343283582089576e+01 8.425394395543649750e+01
8.974358974358975161e+01 1.577429279548756469e+01 1.025641025641025550e+01 8.422570720451243176e+01
9.166666666666665719e+01 1.620874447090847426e+01 8.333333333333332149e+00 8.379125552909152930e+01
9.004524886877828749e+01 1.585135908137539396e+01 9.954751131221719618e+00 8.414864091862460782e+01
8.786764705882352189e+01 1.588695411240648703e+01 1.213235294117647101e+01 8.411304588759350054e+01
8.545454545454545325e+01 1.575250622565608793e+01 1.454545454545454497e+01 8.424749377434390851e+01
9.174757281553398514e+01 1.575779412076383501e+01 8.252427184466020194e+00 8.424220587923616677e+01
9.073170731707317316e+01 1.586826986737287193e+01 9.268292682926828618e+00 8.413173013262712630e+01
9.099099099099099419e+01 1.556759052776892993e+01 9.009009009009009361e+00 8.443240947223107185e+01
9.029535864978902282e+01 1.564251741124511597e+01 9.704641350210970074e+00 8.435748258875489114e+01
9.073359073359073079e+01 1.583743160673607164e+01 9.266409266409265655e+00 8.416256839326392480e+01
8.565400843881856474e+01 1.610795213443095975e+01 1.434599156118143348e+01 8.389204786556904025e+01
9.074889867841409341e+01 1.551091777550324124e+01 9.251101321585903037e+00 8.448908222449675520e+01
8.498023715415018842e+01 1.585670114084657101e+01 1.501976284584980093e+01 8.414329885915343255e+01
8.687943262411347689e+01 1.589955499046408249e+01 1.312056737588652489e+01 8.410044500953591751e+01
9.377777777777778567e+01 1.571498708561914270e+01 6.222222222222222321e+00 8.428501291438085730e+01
9.031007751937984551e+01 1.575326517220211286e+01 9.689922480620156264e+00 8.424673482779788003e+01
8.912133891213389347e+01 1.607673372379254673e+01 1.087866108786611008e+01 8.392326627620745683e+01
9.234234234234234862e+01 1.554140398705060555e+01 7.657657657657656713e+00 8.445859601294939978e+01
8.600823045267489420e+01 1.584457590330680432e+01 1.399176954732510225e+01 8.415542409669319568e+01
8.555133079847908562e+01 1.578145499174742916e+01 1.444866920152091083e+01 8.421854500825256196e+01
9.227467811158798838e+01 1.592775390375696709e+01 7.725321888412017834e+00 8.407224609624303469e+01
9.121338912133892052e+01 1.597268167751574097e+01 8.786610878661086588e+00 8.402731832248426258e+01
9.059829059829060327e+01 1.578082308743169548e+01 9.401709401709402059e+00 8.421917691256830096e+01
9.061224489795918657e+01 1.547392909738970701e+01 9.387755102040816979e+00 8.452607090261030010e+01
9.136363636363637397e+01 1.586840934607155695e+01 8.636363636363636687e+00 8.413159065392844127e+01
8.981818181818181301e+01 1.572118030566021751e+01 1.018181818181818166e+01 8.427881969433977360e+01
9.276018099547511042e+01 1.606979660368536145e+01 7.239819004524887802e+00 8.393020339631463855e+01
9.166666666666665719e+01 1.573892674616695153e+01 8.333333333333332149e+00 8.426107325383304669e+01
9.090909090909090651e+01 1.577274278887182213e+01 9.090909090909091717e+00 8.422725721112817610e+01
8.978102189781021991e+01 1.582665139366170237e+01 1.021897810218978186e+01 8.417334860633829408e+01
8.945312500000000000e+01 1.605968370192205441e+01 1.054687500000000000e+01 8.394031629807794559e+01
9.200000000000000000e+01 1.586629101616285631e+01 8.000000000000000000e+00 8.413370898383713836e+01
8.884462151394421880e+01 1.571630234846216290e+01 1.115537848605577587e+01 8.428369765153783533e+01
9.208333333333332860e+01 1.607725212824530914e+01 7.916666666666666075e+00 8.392274787175469442e+01
8.780487804878049474e+01 1.588369757952530570e+01 1.219512195121951237e+01 8.411630242047469608e+01
9.113924050632911644e+01 1.579974130070612226e+01 8.860759493670885334e+00 8.420025869929386886e+01
8.729508196721312174e+01 1.573822078584793438e+01 1.270491803278688536e+01 8.426177921415207095e+01
9.130434782608695343e+01 1.579877750090516209e+01 8.695652173913043015e+00 8.420122249909483969e+01
8.739130434782607892e+01 1.564203159792174702e+01 1.260869565217391219e+01 8.435796840207825653e+01
8.928571428571429180e+01 1.581965465785546776e+01 1.071428571428571352e+01 8.418034534214453402e+01
8.914027149321267984e+01 1.582328125331241608e+01 1.085972850678733082e+01 8.417671874668758392e+01
9.083969465648854680e+01 1.611275964391691318e+01 9.160305343511449649e+00 8.388724035608308327e+01
8.930041152263375182e+01 1.581154730477731540e+01 1.069958847736625529e+01 8.418845269522267927e+01
9.189189189189190188e+01 1.563714720297448046e+01 8.108108108108108780e+00 8.436285279702552486e+01
8.847926267281106050e+01 1.586496451482278758e+01 1.152073732718893950e+01 8.413503548517721242e+01
9.523809523809522659e+01 1.579638891243536669e+01 4.761904761904761862e+00 8.420361108756463864e+01
8.854625550660793465e+01 1.616806077159440136e+01 1.145374449339207068e+01 8.383193922840558798e+01
9.116465863453815643e+01 1.578231292517006601e+01 8.835341365461847118e+00 8.421768707482992511e+01
9.159292035398229359e+01 1.590422260397446586e+01 8.407079646017699304e+00 8.409577739602553947e+01
8.853754940711462496e+01 1.596676254394375150e+01 1.146245059288537504e+01 8.403323745605625561e+01
8.908296943231441389e+01 1.585059966696878497e+01 1.091703056768558966e+01 8.414940033303122391e+01
9.218106995884774335e+01 1.587014369345396503e+01 7.818930041152263755e+00 8.412985630654603142e+01
8.716814159292034958e+01 1.603394372487717945e+01 1.283185840707964687e+01 8.396605627512282410e+01
8.923076923076924061e+01 1.587476433579765533e+01 1.076923076923077005e+01 8.412523566420234999e+01
9.075630252100840778e+01 1.596361690743713169e+01 9.243697478991597549e+00 8.403638309256287187e+01
8.974358974358975161e+01 1.580324103611075692e+01 1.025641025641025550e+01 8.419675896388923775e+01
8.995633187772925510e+01 1.603931809014287779e+01 1.004366812227074135e+01 8.396068190985712931e+01
9.026548672566370612e+01 1.580472724930765693e+01 9.734513274336283217e+00 8.419527275069233951e+01
8.594249201277955308e+01 1.559539487658778967e+01 1.405750798722044692e+01 8.440460512341221033e+01
8.838174273858921026e+01 1.576789924176454427e+01 1.161825726141078796e+01 8.423210075823546106e+01
9.045454545454545325e+01 1.592359415820805957e+01 9.545454545454546746e+00 8.407640584179193866e+01
8.907563025210085073e+01 1.592202497239446046e+01 1.092436974789915993e+01 8.407797502760553243e+01
8.874458874458875357e+01 1.601926232128017702e+01 1.125541125541125531e+01 8.398073767871981943e+01
8.905660377358491075e+01 1.550903698013358145e+01 1.094339622641509457e+01 8.449096301986641322e+01
8.704453441295547123e+01 1.589241016503330428e+01 1.295546558704453410e+01 8.410758983496670282e+01
9.138755980861243700e+01 1.607093318537803484e+01 8.612440191387559452e+00 8.392906681462196161e+01
8.853046594982079398e+01 1.578746096156706180e+01 1.146953405017921135e+01 8.421253903843293642e+01
8.631921824104234986e+01 1.565708418891170517e+01 1.368078175895765547e+01 8.434291581108828950e+01
8.817567567567567721e+01 1.600949915491752407e+01 1.182432432432432456e+01 8.399050084508246528e+01
8.991596638655462925e+01 1.584284983807738278e+01 1.008403361344537785e+01 8.415715016192262965e+01
8.903508771929824661e+01 1.614167390429385307e+01 1.096491228070175339e+01 8.385832609570614693e+01
8.720000000000000284e+01 1.552176416643562540e+01 1.280000000000000071e+01 8.447823583356436927e+01
9.212962962962963331e+01 1.605029899486831368e+01 7.870370370370370239e+00 8.394970100513168632e+01
9.227642276422763246e+01 1.597137928831533848e+01 7.723577235772357774e+00 8.402862071168466684e+01
8.964143426294820927e+01 1.587406194859584652e+01 1.035856573705179251e+01 8.412593805140416237e+01
8.745098039215686470e+01 1.594736730044499140e+01 1.254901960784313708e+01 8.405263269955500505e+01
9.270386266094419625e+01 1.575859356731361949e+01 7.296137339055793980e+00 8.424140643268638939e+01
9.106382978723404165e+01 1.586778616218514060e+01 8.936170212765958354e+00 8.413221383781485940e+01
8.906882591093116730e+01 1.587990169889945413e+01 1.093117408906882559e+01 8.412009830110054054e+01
9.017857142857143060e+01 1.581843777995819167e+01 9.821428571428571175e+00 8.418156222004181188e+01
8.765957446808511122e+01 1.594932389199334466e+01 1.234042553191489411e+01 8.405067610800665534e+01
9.537037037037036669e+01 1.558025219063902611e+01 4.629629629629629761e+00 8.441974780936098455e+01
8.979591836734694255e+01 1.593813905930470476e+01 1.020408163265306101e+01 8.406186094069529702e+01
8.905660377358491075e+01 1.549605101997719103e+01 1.094339622641509457e+01 8.450394898002279831e+01
8.827586206896552312e+01 1.582255632711133586e+01 1.172413793103448221e+01 8.417744367288865703e+01
9.298245614035087669e+01 1.573407319552694084e+01 7.017543859649122417e+00 8.426592680447305383e+01
9.252336448598130403e+01 1.587885528510929412e+01 7.476635514018690643e+00 8.412114471489070411e+01
9.118942731277532232e+01 1.590575626767601669e+01 8.810572687224670574e+00 8.409424373232397443e+01
8.898678414096916356e+01 1.569339945280437654e+01 1.101321585903083644e+01 8.430660054719561458e+01
8.901515151515151558e+01 1.584314058716064011e+01 1.098484848484848442e+01 8.415685941283935279e+01
8.995633187772925510e+01 1.605300661519154204e+01 1.004366812227074135e+01 8.394699338480845086e+01
8.816326530612245449e+01 1.565827994399423062e+01 1.183673469387755084e+01 8.434172005600576938e+01
9.122807017543858876e+01 1.583977183236489950e+01 8.771929824561402356e+00 8.416022816763509695e+01
9.000000000000000000e+01 1.626174553458054461e+01 1.000000000000000000e+01 8.373825446541944473e+01
8.859315589353612097e+01 1.588410737111205862e+01 1.140684410646387903e+01 8.411589262888794849e+01
9.058295964125559863e+01 1.577761872684405553e+01 9.417040358744394268e+00 8.422238127315594625e+01
8.629032258064516725e+01 1.599507974211062056e+01 1.370967741935483808e+01 8.400492025788938122e+01
8.755186721991701404e+01 1.595513213206869807e+01 1.244813278008298774e+01 8.404486786793130193e+01
8.916967509025270999e+01 1.591872192558691523e+01 1.083032490974729178e+01 8.408127807441309187e+01
8.861209964412812212e+01 1.602933922405473055e+01 1.138790035587188498e+01 8.397066077594527655e+01
9.545454545454545325e+01 1.586833962104192075e+01 4.545454545454545858e+00 8.413166037895807392e+01
9.203539823008848941e+01 1.575825619081915896e+01 7.964601769911504370e+00 8.424174380918084637e+01
9.030837004405286450e+01 1.565344706855942647e+01 9.691629955947137276e+00 8.434655293144058419e+01
9.166666666666665719e+01 1.579571691838420655e+01 8.333333333333332149e+00 8.420428308161579878e+01
9.128630705394191125e+01 1.582168395284416818e+01 8.713692946058090527e+00 8.417831604715583182e+01
9.078947368421053454e+01 1.576662317941698532e+01 9.210526315789472562e+00 8.423337682058301823e+01
9.140271493212669895e+01 1.616909583662320316e+01 8.597285067873302822e+00 8.383090416337680040e+01
8.820960698689955848e+01 1.554901458919887247e+01 1.179039301310043619e+01 8.445098541080112398e+01
8.986784140969163559e+01 1.602532566148317628e+01 1.013215859030836974e+01 8.397467433851682017e+01
8.928571428571429180e+01 1.557262273518055018e+01 1.071428571428571352e+01 8.442737726481944094e+01
9.079497907949790658e+01 1.599309374600332490e+01 9.205020920502091641e+00 8.400690625399667510e+01
9.000000000000000000e+01 1.590072159901232496e+01 1.000000000000000000e+01 8.409927840098767149e+01
9.038461538461538680e+01 1.592042969662229623e+01 9.615384615384616751e+00 8.407957030337770732e+01
8.549019607843136725e+01 1.587837120970993254e+01 1.450980392156862919e+01 8.412162879029007456e+01
8.909090909090909349e+01 1.578256079993220951e+01 1.090909090909090828e+01 8.421743920006778694e+01
9.230769230769230660e+01 1.585157318741450005e+01 7.692307692307692513e+00 8.414842681258549817e+01
9.103139013452914696e+01 1.610614537114440736e+01 8.968609865470851261e+00 8.389385462885559264e+01
8.470588235294117396e+01 1.606555977634555532e+01 1.529411764705882426e+01 8.393444022365444823e+01
8.779527559055118502e+01 1.562453743841322762e+01 1.220472440944881853e+01 8.437546256158677238e+01
9.041666666666667140e+01 1.575409696142028082e+01 9.583333333333333925e+00 8.424590303857971207e+01
9.336283185840707688e+01 1.578043505915278111e+01 6.637168141592921344e+00 8.421956494084722067e+01
9.000000000000000000e+01 1.592367587918199767e+01 1.000000000000000000e+01 8.407632412081800055e+01
9.026548672566370612e+01 1.554992871885439421e+01 9.734513274336283217e+00 8.445007128114559691e+01
8.801652892561982355e+01 1.581943706850769971e+01 1.198347107438016579e+01 8.418056293149230385e+01
9.138755980861243700e+01 1.557390900257699329e+01 8.612440191387559452e+00 8.442609099742300316e+01
8.962655601659751881e+01 1.586375731772219311e+01 1.037344398340249008e+01 8.413624268227781045e+01
9.039301310043667570e+01 1.567271801832371914e+01 9.606986899563318971e+00 8.432728198167627909e+01
9.155555555555555713e+01 1.602573662568975266e+01 8.444444444444444642e+00 8.397426337431024024e+01
9.032258064516128115e+01 1.584913701257191576e+01 9.677419354838709964e+00 8.415086298742808424e+01
8.687943262411347689e+01 1.561887307134941594e+01 1.312056737588652489e+01 8.438112692865058762e+01
9.156118143459916325e+01 1.601554160795867077e+01 8.438818565400843852e+00 8.398445839204133279e+01
9.360730593607306105e+01 1.587832796879329855e+01 6.392694063926940728e+00 8.412167203120671388e+01
9.082969432314411051e+01 1.578689502385821264e+01 9.170305676855896593e+00 8.421310497614177848e+01
9.132231404958676535e+01 1.593813905930470476e+01 8.677685950413223992e+00 8.406186094069529702e+01
8.976744186046511231e+01 1.591323523175437771e+01 1.023255813953488413e+01 8.408676476824562940e+01
9.264069264069264875e+01 1.565367338683924814e+01 7.359307359307360130e+00 8.434632661316075541e+01
8.725099601593625209e+01 1.565008707471435301e+01 1.274900398406374435e+01 8.434991292528565054e+01
8.821138211382113070e+01 1.595431255337318532e+01 1.178861788617886219e+01 8.404568744662681468e+01
8.927038626609441963e+01 1.552499733503890944e+01 1.072961373390558037e+01 8.447500266496109589e+01
9.083665338645417364e+01 1.612978327124957545e+01 9.163346613545817476e+00 8.387021672875042100e+01
8.942731277533039247e+01 1.590115095269734269e+01 1.057268722466960398e+01 8.409884904730266442e+01
9.177489177489177052e+01 1.581527621553937912e+01 8.225108225108225923e+00 8.418472378446062976e+01
8.730158730158730407e+01 1.557949542837792123e+01 1.269841269841269771e+01 8.442050457162207522e+01
9.170305676855895172e+01 1.609607190553918699e+01 8.296943231441048283e+00 8.390392809446080946e+01
9.198312236286919585e+01 1.580404096318848772e+01 8.016877637130802370e+00 8.419595903681151583e+01
8.936170212765956933e+01 1.591111111111111143e+01 1.063829787234042534e+01 8.408888888888888857e+01
9.094827586206896797e+01 1.582338449876823994e+01 9.051724137931033809e+00 8.417661550123175118e+01
9.003831417624522260e+01 1.605237943149153779e+01 9.961685823754788061e+00 8.394762056850846932e+01
9.130434782608695343e+01 1.559092937751046826e+01 8.695652173913043015e+00 8.440907062248953707e+01
9.004149377593361692e+01 1.577726218097447664e+01 9.958506224066390189e+00 8.422273781902551093e+01
8.905472636815920850e+01 1.568644049861378420e+01 1.094527363184079682e+01 8.431355950138620869e+01
9.320388349514563231e+01 1.587757862698681066e+01 6.796116504854368578e+00 8.412242137301319644e+01
8.750000000000000000e+01 1.593259044678916680e+01 1.250000000000000000e+01 8.406740955321083675e+01
8.893280632411067188e+01 1.596858083006050322e+01 1.106719367588932812e+01 8.403141916993949678e+01
9.209302325581396076e+01 1.577224290666324258e+01 7.906976744186046346e+00 8.422775709333674854e+01
8.991596638655462925e+01 1.599771128252945651e+01 1.008403361344537785e+01 8.400228871747053461e+01
9.082568807339448824e+01 1.612390103394166019e+01 9.174311926605504652e+00 8.387609896605835047e+01
8.697318007662835271e+01 1.575705913692061699e+01 1.302681992337164729e+01 8.424294086307938301e+01
8.958333333333334281e+01 1.582547724406250822e+01 1.041666666666666785e+01 8.417452275593750244e+01
7.914438502673797871e+01 1.598874121730297126e+01 2.085561497326203195e+01 8.401125878269702696e+01
8.690909090909090651e+01 1.595301655098771931e+01 1.309090909090909172e+01 8.404698344901227358e+01
8.721461187214612210e+01 1.594720096310946822e+01 1.278538812785388146e+01 8.405279903689053356e+01
9.000000000000000000e+01 1.628507488380099844e+01 1.000000000000000000e+01 8.371492511619899801e+01
9.077490774907749937e+01 1.612557131515138664e+01 9.225092250922509507e+00 8.387442868484860981e+01
8.910505836575876515e+01 1.638583328034590281e+01 1.089494163424124551e+01 8.361416671965409364e+01
9.111111111111111427e+01 1.602153294027172592e+01 8.888888888888889284e+00 8.397846705972827408e+01
9.030837004405286450e+01 1.590323473668519227e+01 9.691629955947137276e+00 8.409676526331480773e+01
8.954545454545454675e+01 1.562500000000000000e+01 1.045454545454545325e+01 8.437500000000000000e+01
8.699186991869918018e+01 1.591571778227093859e+01 1.300813008130081450e+01 8.408428221772906852e+01
9.169811320754716633e+01 1.561322461839780296e+01 8.301886792452830122e+00 8.438677538160219171e+01
8.832684824902723619e+01 1.565550239234449670e+01 1.167315175097276203e+01 8.434449760765549797e+01
8.927038626609441963e+01 1.612231454132047048e+01 1.072961373390558037e+01 8.387768545867953662e+01
8.852459016393441971e+01 1.587206823027718627e+01 1.147540983606557319e+01 8.412793176972282083e+01
9.206349206349206327e+01 1.616232401095750859e+01 7.936507936507935845e+00 8.383767598904249496e+01
9.122807017543858876e+01 1.594181259731672284e+01 8.771929824561402356e+00 8.405818740268327360e+01
8.893805309734513287e+01 1.591131745964134936e+01 1.106194690265486713e+01 8.408868254035864709e+01
8.901515151515151558e+01 1.604775964999245730e+01 1.098484848484848442e+01 8.395224035000754270e+01
9.099099099099099419e+01 1.575734371344096374e+01 9.009009009009009361e+00 8.424265628655903981e+01
8.794326241134751854e+01 1.595284285927473533e+01 1.205673758865248146e+01 8.404715714072526112e+01
9.380165289256197525e+01 1.581128126268127687e+01 6.198347107438016756e+00 8.418871873731872313e+01
8.876404494382022392e+01 1.552207354335686595e+01 1.123595505617977430e+01 8.447792645664313227e+01
8.859649122807017818e+01 1.564303904923599298e+01 1.140350877192982360e+01 8.435696095076400525e+01
8.793774319066147882e+01 1.572284580977297530e+01 1.206225680933852118e+01 8.427715419022702292e+01
8.925619834710744271e+01 1.596537835290084928e+01 1.074380165289256261e+01 8.403462164709914362e+01
8.619402985074626145e+01 1.603906349950957377e+01 1.380597014925373145e+01 8.396093650049041912e+01
8.969957081545064170e+01 1.597151360544217802e+01 1.030042918454935652e+01 8.402848639455781665e+01
8.863636363636364024e+01 1.599110179461401771e+01 1.136363636363636331e+01 8.400889820538598940e+01
8.828828828828828534e+01 1.596750369276218606e+01 1.171171171171171110e+01 8.403249630723780683e+01
9.033613445378151141e+01 1.572975871313672869e+01 9.663865546218488589e+00 8.427024128686326776e+01
9.057377049180327333e+01 1.579698111600774979e+01 9.426229508196721341e+00 8.420301888399225732e+01
8.693877551020408134e+01 1.591551991832741386e+01 1.306122448979591866e+01 8.408448008167258081e+01
9.000000000000000000e+01 1.596786875491425306e+01 1.000000000000000000e+01 8.403213124508575049e+01
8.658536585365853000e+01 1.579861483371571751e+01 1.341463414634146467e+01 8.420138516628428249e+01
9.212962962962963331e+01 1.626215154831648491e+01 7.870370370370370239e+00 8.373784845168351865e+01
9.336492890995261007e+01 1.597313445484978267e+01 6.635071090047393483e+00 8.402686554515021555e+01
9.108910891089109896e+01 1.599019628557543982e+01 8.910891089108909924e+00 8.400980371442456374e+01
8.935361216730038336e+01 1.571904226666383764e+01 1.064638783269961841e+01 8.428095773333616592e+01
8.706896551724138078e+01 1.564299220293611548e+01 1.293103448275862100e+01 8.435700779706388630e+01
9.158878504672897236e+01 1.602601125157757522e+01 8.411214953271027639e+00 8.397398874842242833e+01
8.813559322033897558e+01 1.562533126974367725e+01 1.186440677966101731e+01 8.437466873025631742e+01
9.115044247787609777e+01 1.566601925170213150e+01 8.849557522123893349e+00 8.433398074829786140e+01
9.223744292237442721e+01 1.564311536075637932e+01 7.762557077625570123e+00 8.435688463924361713e+01
8.979591836734694255e+01 1.594436776727890503e+01 1.020408163265306101e+01 8.405563223272109497e+01
9.162995594713656544e+01 1.567849378390358339e+01 8.370044052863436335e+00 8.432150621609642371e+01
8.846153846153845279e+01 1.574685702109524854e+01 1.153846153846153832e+01 8.425314297890474791e+01
9.333333333333332860e+01 1.579003657675771599e+01 6.666666666666666963e+00 8.420996342324228578e+01
8.976744186046511231e+01 1.593521198705942510e+01 1.023255813953488413e+01 8.406478801294056780e+01
9.311926605504586973e+01 1.593168493499872440e+01 6.880733944954128489e+00 8.406831506500127205e+01
9.148936170212765262e+01 1.623219221773336329e+01 8.510638297872340274e+00 8.376780778226662960e+01
9.106382978723404165e+01 1.607890397056958065e+01 8.936170212765958354e+00 8.392109602943041580e+01
8.951612903225806406e+01 1.606765327695559975e+01 1.048387096774193594e+01 8.393234672304438959e+01
9.105058365758755201e+01 1.612355015507499090e+01 8.949416342412451542e+00 8.387644984492501976e+01
9.029535864978902282e+01 1.602298996839939704e+01 9.704641350210970074e+00 8.397701003160061362e+01
9.282700421940927527e+01 1.588860544217686943e+01 7.172995780590716741e+00 8.411139455782313235e+01
9.342105263157894512e+01 1.581342193816003849e+01 6.578947368421052211e+00 8.418657806183995262e+01
8.823529411764705799e+01 1.586918958124453383e+01 1.176470588235294024e+01 8.413081041875545907e+01
9.113924050632911644e+01 1.588157558189103824e+01 8.860759493670885334e+00 8.411842441810895821e+01
8.666666666666667140e+01 1.581931621769739849e+01 1.333333333333333393e+01 8.418068378230259441e+01
8.906250000000000000e+01 1.559558619512091049e+01 1.093750000000000000e+01 8.440441380487908418e+01
8.855932203389829738e+01 1.554415177906011181e+01 1.144067796610169552e+01 8.445584822093988464e+01
8.727915194346289240e+01 1.587542483380715375e+01 1.272084805653710049e+01 8.412457516619285514e+01
9.094827586206896797e+01 1.582608325711003872e+01 9.051724137931033809e+00 8.417391674288995773e+01
8.773946360153256308e+01 1.585275502212061483e+01 1.226053639846743160e+01 8.414724497787938162e+01
8.814229249011857803e+01 1.576885406464250750e+01 1.185770750988142197e+01 8.423114593535748895e+01
8.664495114006514598e+01 1.559001965308040560e+01 1.335504885993485402e+01 8.440998034691958196e+01
8.991228070175438347e+01 1.605704840213613593e+01 1.008771929824561298e+01 8.394295159786386762e+01
8.424068767908309496e+01 1.561903954562794183e+01 1.575931232091690504e+01 8.438096045437205817e+01
9.237288135593220773e+01 1.589457377501432234e+01 7.627118644067796716e+00 8.410542622498567766e+01
9.192825112107622942e+01 1.595848544019016835e+01 8.071748878923767023e+00 8.404151455980982632e+01
8.945312500000000000e+01 1.580797256750964586e+01 1.054687500000000000e+01 8.419202743249036303e+01
9.013452914798206450e+01 1.583488805970149294e+01 9.865470852017937275e+00 8.416511194029851595e+01
8.893442622950820464e+01 1.579387007646340635e+01 1.106557377049180246e+01 8.420612992353659365e+01
9.000000000000000000e+01 1.608257932968013293e+01 1.000000000000000000e+01 8.391742067031987062e+01
9.217391304347826519e+01 1.555152549605291235e+01 7.826086956521740134e+00 8.444847450394709654e+01
9.074889867841409341e+01 1.573043292812966421e+01 9.251101321585903037e+00 8.426956707187032691e+01
8.983050847457627697e+01 1.579093987056957893e+01 1.016949152542373014e+01 8.420906012943042640e+01
9.103139013452914696e+01 1.617405757879259198e+01 8.968609865470851261e+00 8.382594242120741512e+01
9.094488188976377785e+01 1.601009992938608661e+01 9.055118110236220375e+00 8.398990007061391339e+01
8.600823045267489420e+01 1.605339105339105288e+01 1.399176954732510225e+01 8.394660894660894712e+01
9.285714285714286120e+01 1.596919127086007784e+01 7.142857142857142350e+00 8.403080872913992039e+01
8.789237668161435124e+01 1.562812466758855479e+01 1.210762331838565053e+01 8.437187533241144877e+01
9.023437500000000000e+01 1.566824200621620378e+01 9.765625000000000000e+00 8.433175799378379622e+01
8.769841269841269593e+01 1.573623396961103893e+01 1.230158730158730052e+01 8.426376603038896462e+01
8.879668049792530837e+01 1.592457342985884239e+01 1.120331950207468985e+01 8.407542657014116116e+01
9.201680672268906847e+01 1.613179289687633755e+01 7.983193277310923541e+00 8.386820710312366600e+01
8.986784140969163559e+01 1.563668211821502574e+01 1.013215859030836974e+01 8.436331788178496538e+01
8.975609756097561842e+01 1.597393224080835594e+01 1.024390243902439046e+01 8.402606775919164761e+01
9.302325581395348308e+01 1.582396004524790278e+01 6.976744186046511587e+00 8.417603995475209899e+01
9.359605911330048400e+01 1.591572399394985204e+01 6.403940886699508006e+00 8.408427600605014618e+01
9.220183486238532566e+01 1.587980094423886790e+01 7.798165137614679665e+00 8.412019905576113388e+01
9.622641509433962881e+01 1.608063759962494288e+01 3.773584905660377409e+00 8.391936240037506423e+01
8.720379146919431435e+01 1.577236808564873805e+01 1.279620853080568565e+01 8.422763191435126373e+01
8.719723183391003829e+01 1.581849927604122286e+01 1.280276816608996526e+01 8.418150072395877714e+01
8.860759493670884979e+01 1.605819145072739218e+01 1.139240506329113956e+01 8.394180854927260782e+01
9.264069264069264875e+01 1.585175691551853028e+01 7.359307359307360130e+00 8.414824308448146439e+01
8.531468531468530614e+01 1.607466160875937433e+01 1.468531468531468498e+01 8.392533839124062922e+01
9.061224489795918657e+01 1.598550048755670616e+01 9.387755102040816979e+00 8.401449951244329384e+01
8.934426229508196116e+01 1.569141565944021721e+01 1.065573770491803174e+01 8.430858434055977568e+01
9.057377049180327333e+01 1.587652760219131842e+01 9.426229508196721341e+00 8.412347239780868335e+01
9.137931034482758719e+01 1.620982180919089544e+01 8.620689655172414589e+00 8.379017819080910101e+01
9.311926605504586973e+01 1.588719153936545325e+01 6.880733944954128489e+00 8.411280846063455385e+01
8.884297520661156966e+01 1.555560251019502616e+01 1.115702479338843034e+01 8.444439748980498450e+01
9.262672811059907474e+01 1.583740322890230345e+01 7.373271889400921708e+00 8.416259677109769655e+01
9.017094017094017033e+01 1.566614119551787354e+01 9.829059829059829667e+00 8.433385880448213356e+01
9.049773755656109131e+01 1.566698605344405415e+01 9.502262443438914019e+00 8.433301394655595118e+01
9.022222222222222854e+01 1.584454088428651275e+01 9.777777777777778567e+00 8.415545911571348370e+01
8.838028169014084767e+01 1.614246854811288756e+01 1.161971830985915410e+01 8.385753145188711244e+01
8.841059602649006877e+01 1.567564132437985691e+01 1.158940397350993301e+01 8.432435867562013243e+01
9.201877934272300763e+01 1.571233519648419197e+01 7.981220657276995034e+00 8.428766480351580981e+01
9.189189189189190188e+01 1.587213520549699020e+01 8.108108108108108780e+00 8.412786479450301158e+01
9.156118143459916325e+01 1.593170007423904977e+01 8.438818565400843852e+00 8.406829992576095378e+01
8.932038834951457318e+01 1.595980241866802807e+01 1.067961165048543570e+01 8.404019758133196660e+01
9.090909090909090651e+01 1.575788532754437377e+01 9.090909090909091717e+00 8.424211467245562801e+01
8.897637795275589667e+01 1.589234219801345738e+01 1.102362204724409445e+01 8.410765780198654795e+01
9.126637554585153111e+01 1.578800498003692176e+01 8.733624454148470662e+00 8.421199501996308356e+01
8.851063829787233317e+01 1.585956416464890850e+01 1.148936170212765973e+01 8.414043583535108439e+01
9.083665338645417364e+01 1.579937974548176705e+01 9.163346613545817476e+00 8.420062025451822763e+01
8.968253968253968367e+01 1.600891766168620833e+01 1.031746031746031633e+01 8.399108233831378811e+01
8.846153846153845279e+01 1.606271043771043594e+01 1.153846153846153832e+01 8.393728956228956406e+01
8.879668049792530837e+01 1.591560966282108325e+01 1.120331950207468985e+01 8.408439033717891675e+01
9.282511210762332610e+01 1.588721500966789257e+01 7.174887892376681897e+00 8.411278499033211631e+01
9.177489177489177052e+01 1.587331890882864549e+01 8.225108225108225923e+00 8.412668109117134918e+01
8.978723404255319451e+01 1.558777945266554887e+01 1.021276595744680726e+01 8.441222054733444224e+01
9.406392694063926285e+01 1.597633136094674633e+01 5.936073059360730042e+00 8.402366863905325545e+01
9.095022624434389513e+01 1.586379441947248026e+01 9.049773755656108420e+00 8.413620558052753040e+01
9.227053140096617767e+01 1.594975175483649998e+01 7.729468599033816112e+00 8.405024824516348758e+01
9.266055045871559059e+01 1.554359299134473105e+01 7.339449541284404077e+00 8.445640700865526185e+01
9.162995594713656544e+01 1.572320344291284222e+01 8.370044052863436335e+00 8.427679655708716666e+01
9.177489177489177052e+01 1.592946866106010972e+01 8.225108225108225923e+00 8.407053133893988672e+01
9.090909090909090651e+01 1.588287116667365950e+01 9.090909090909091717e+00 8.411712883332633339e+01
9.166666666666665719e+01 1.601641387014996099e+01 8.333333333333332149e+00 8.398358612985003901e+01
8.872727272727273373e+01 1.580672446606047821e+01 1.127272727272727337e+01 8.419327553393952712e+01
8.815165876777251697e+01 1.581885722874750400e+01 1.184834123222748836e+01 8.418114277125249600e+01
9.275362318840579690e+01 1.586621108257815216e+01 7.246376811594203105e+00 8.413378891742185317e+01
9.041666666666667140e+01 1.575028270285262977e+01 9.583333333333333925e+00 8.424971729714737023e+01
8.619528619528618663e+01 1.559283830909245516e+01 1.380471380471380627e+01 8.440716169090754306e+01
8.846153846153845279e+01 1.577920149348720713e+01 1.153846153846153832e+01 8.422079850651279287e+01
8.381294964028776917e+01 1.575094711157723459e+01 1.618705035971223083e+01 8.424905288842275297e+01
9.000000000000000000e+01 1.585597367532905722e+01 1.000000000000000000e+01 8.414402632467094634e+01
9.305019305019305875e+01 1.593055910135307585e+01 6.949806949806950129e+00 8.406944089864691705e+01
8.426573426573426673e+01 1.624123003433347989e+01 1.573426573426573505e+01 8.375876996566651655e+01
9.207048458149780856e+01 1.581901756021097682e+01 7.929515418502202984e+00 8.418098243978901962e+01
9.288888888888888573e+01 1.563885530028214532e+01 7.111111111111110716e+00 8.436114469971785468e+01
8.820960698689955848e+01 1.558726908144545398e+01 1.179039301310043619e+01 8.441273091855454425e+01
9.101562500000000000e+01 1.585701191567369328e+01 8.984375000000000000e+00 8.414298808432630494e+01
8.849557522123893705e+01 1.601611900628040885e+01 1.150442477876106118e+01 8.398388099371958049e+01
9.254385964912280826e+01 1.555082943428328335e+01 7.456140350877192624e+00 8.444917056571671310e+01
9.237288135593220773e+01 1.608090539014045461e+01 7.627118644067796716e+00 8.391909460985954183e+01
8.714285714285713880e+01 1.570768674031973156e+01 1.285714285714285587e+01 8.429231325968027022e+01
9.295154185022026638e+01 1.581861493229177817e+01 7.048458149779736281e+00 8.418138506770822005e+01
8.592592592592592382e+01 1.592438321050945227e+01 1.407407407407407440e+01 8.407561678949055306e+01
9.036697247706422331e+01 1.576848435733936071e+01 9.633027522935780240e+00 8.423151564266063929e+01
9.098712446351930794e+01 1.563074582074096064e+01 9.012875536480686733e+00 8.436925417925904469e+01
8.661710037174721322e+01 1.562800435832247281e+01 1.338289962825278678e+01 8.437199564167752897e+01
8.541666666666665719e+01 1.560036741930660220e+01 1.458333333333333393e+01 8.439963258069339247e+01
8.647540983606558029e+01 1.545531734239015087e+01 1.352459016393442681e+01 8.454468265760985446e+01
9.271844660194174992e+01 1.564902566286870389e+01 7.281553398058251858e+00 8.435097433713130499e+01
9.193548387096774377e+01 1.559931179506786414e+01 8.064516129032258007e+00 8.440068820493213764e+01
8.933333333333332860e+01 1.628745068770657767e+01 1.066666666666666785e+01 8.371254931229341878e+01
9.007633587786259000e+01 1.615461911786714566e+01 9.923664122137404675e+00 8.384538088213285789e+01
9.017857142857143060e+01 1.575795037940148369e+01 9.821428571428571175e+00 8.424204962059850743e+01
9.071729957805906963e+01 1.599541654288503167e+01 9.282700421940928592e+00 8.400458345711496122e+01
8.910505836575876515e+01 1.591936860068259207e+01 1.089494163424124551e+01 8.408063139931741148e+01
8.636363636363635976e+01 1.583645018701121998e+01 1.363636363636363491e+01 8.416354981298877647e+01
9.212962962962963331e+01 1.596344379911171707e+01 7.870370370370370239e+00 8.403655620088828471e+01
8.733031674208145034e+01 1.570619551615161136e+01 1.266968325791855143e+01 8.429380448384839042e+01
8.995215311004784553e+01 1.575187093218003476e+01 1.004784688995215269e+01 8.424812906781995991e+01
8.868613138686130526e+01 1.571939628712347492e+01 1.131386861313868586e+01 8.428060371287652686e+01
9.090909090909090651e+01 1.610961002489202798e+01 9.090909090909091717e+00 8.389038997510796491e+01
9.095022624434389513e+01 1.593562570702866665e+01 9.049773755656108420e+00 8.406437429297133690e+01
8.888888888888888573e+01 1.578046432010270728e+01 1.111111111111111072e+01 8.421953567989729095e+01
9.099099099099099419e+01 1.613241461953265343e+01 9.009009009009009361e+00 8.386758538046734657e+01
8.732394366197182478e+01 1.562989957201576274e+01 1.267605633802816811e+01 8.437010042798424081e+01
8.923766816143498204e+01 1.590533497182083877e+01 1.076233183856502329e+01 8.409466502817916478e+01
8.441064638783269913e+01 1.583477499412656542e+01 1.558935361216730087e+01 8.416522500587343814e+01
9.354838709677419217e+01 1.618537792185633961e+01 6.451612903225806051e+00 8.381462207814365684e+01
8.689956331877729667e+01 1.573316283034953145e+01 1.310043668122270688e+01 8.426683716965047211e+01
8.288288288288288186e+01 1.571286310570587119e+01 1.711711711711711814e+01 8.428713689429412170e+01
9.037656903765690686e+01 1.597134609216294088e+01 9.623430962343096695e+00 8.402865390783705379e+01
9.154929577464788792e+01 1.582304218479121616e+01 8.450704225352112076e+00 8.417695781520878029e+01
8.931623931623931867e+01 1.599029601413036517e+01 1.068376068376068311e+01 8.400970398586963483e+01
8.709677419354838435e+01 1.574429733267526466e+01 1.290322580645161210e+01 8.425570266732474067e+01
9.299065420560748407e+01 1.567337378899180145e+01 7.009345794392523032e+00 8.432662621100818967e+01
8.925619834710744271e+01 1.586936917593507168e+01 1.074380165289256261e+01 8.413063082406493720e+01
9.234234234234234862e+01 1.566954597676694583e+01 7.657657657657656713e+00 8.433045402323305950e+01
9.021276595744680549e+01 1.572156196943972972e+01 9.787234042553190960e+00 8.427843803056028094e+01
9.115044247787609777e+01 1.580685986400394683e+01 8.849557522123893349e+00 8.419314013599606028e+01
9.154929577464788792e+01 1.579272711770473592e+01 8.450704225352112076e+00 8.420727288229525698e+01
9.078341013824883987e+01 1.599931772632297111e+01 9.216589861751153023e+00 8.400068227367702889e+01
8.951612903225806406e+01 1.571892076502732216e+01 1.048387096774193594e+01 8.428107923497267961e+01
8.818565400843881719e+01 1.590616355919677360e+01 1.181434599156118104e+01 8.409383644080322995e+01
9.000000000000000000e+01 1.592302087351592199e+01 1.000000000000000000e+01 8.407697912648407623e+01
8.759689922480620794e+01 1.575604902728677459e+01 1.240310077519379917e+01 8.424395097271322186e+01
8.859649122807017818e+01 1.574161045171206474e+01 1.140350877192982360e+01 8.425838954828793703e+01
8.913043478260868824e+01 1.587345665826462238e+01 1.086956521739130466e+01 8.412654334173538473e+01
9.152542372881356414e+01 1.576260370134014188e+01 8.474576271186439413e+00 8.423739629865985989e+01
8.451178451178451212e+01 1.584221612306121152e+01 1.548821548821548788e+01 8.415778387693877960e+01
8.844444444444444287e+01 1.574189989178637283e+01 1.155555555555555536e+01 8.425810010821362539e+01
9.230769230769230660e+01 1.584395241522374143e+01 7.692307692307692513e+00 8.415604758477626035e+01
8.901960784313725128e+01 1.558198412867263727e+01 1.098039215686274517e+01 8.441801587132736984e+01
9.012345679012345556e+01 1.569049125026354652e+01 9.876543209876542662e+00 8.430950874973645170e+01
8.725099601593625209e+01 1.617500053172257068e+01 1.274900398406374435e+01 8.382499946827742576e+01
8.986175115207373665e+01 1.578969711120072894e+01 1.013824884792626690e+01 8.421030288879927639e+01
9.238095238095237960e+01 1.587777494258739353e+01 7.619047619047619513e+00 8.412222505741260647e+01
9.262672811059907474e+01 1.594270855535188858e+01 7.373271889400921708e+00 8.405729144464811498e+01
9.039301310043667570e+01 1.586327037878948687e+01 9.606986899563318971e+00 8.413672962121052024e+01
9.090909090909090651e+01 1.571816869107279224e+01 9.090909090909091717e+00 8.428183130892719532e+01
9.018691588785047486e+01 1.608034837552832741e+01 9.813084112149532245e+00 8.391965162447166904e+01
8.894009216589861921e+01 1.568352953653621640e+01 1.105990783410138256e+01 8.431647046346377294e+01
9.135802469135802539e+01 1.587879808805879023e+01 8.641975308641974607e+00 8.412120191194121333e+01
9.151785714285713880e+01 1.590128482381376251e+01 8.482142857142857650e+00 8.409871517618623216e+01
8.871595330739299357e+01 1.592347220452711731e+01 1.128404669260700466e+01 8.407652779547288446e+01
8.938775510204081343e+01 1.603043700051011555e+01 1.061224489795918302e+01 8.396956299948988089e+01
8.941605839416058643e+01 1.583020637898686545e+01 1.058394160583941535e+01 8.416979362101312745e+01
8.806584362139918198e+01 1.547149819877092547e+01 1.193415637860082334e+01 8.452850180122906920e+01
8.491228070175438347e+01 1.567004181791165074e+01 1.508771929824561298e+01 8.432995818208834748e+01
9.116465863453815643e+01 1.624736382421234282e+01 8.835341365461847118e+00 8.375263617578765718e+01
9.271844660194174992e+01 1.581532208556489216e+01 7.281553398058251858e+00 8.418467791443509896e+01
8.755364806866953131e+01 1.563161459656252639e+01 1.244635193133047224e+01 8.436838540343747184e+01
8.793774319066147882e+01 1.602294781291987391e+01 1.206225680933852118e+01 8.397705218708011898e+01
9.128630705394191125e+01 1.577316724001623882e+01 8.713692946058090527e+00 8.422683275998376473e+01
8.659003831417624042e+01 1.576078888771074205e+01 1.340996168582375425e+01 8.423921111228925440e+01
8.645418326693227584e+01 1.579183298823830839e+01 1.354581673306772771e+01 8.420816701176168806e+01
9.098712446351930794e+01 1.563500646775664293e+01 9.012875536480686733e+00 8.436499353224336062e+01
9.013452914798206450e+01 1.587792445989464696e+01 9.865470852017937275e+00 8.412207554010535659e+01
9.083333333333332860e+01 1.616366986466738709e+01 9.166666666666666075e+00 8.383633013533261646e+01
9.372384937238493308e+01 1.567485709410459904e+01 6.276150627615062483e+00 8.432514290589540451e+01
8.619528619528618663e+01 1.598265647806302070e+01 1.380471380471380627e+01 8.401734352193697930e+01
8.745519713261649031e+01 1.560511587325232519e+01 1.254480286738351147e+01 8.439488412674766948e+01
8.955823293172690569e+01 1.583222598482575449e+01 1.044176706827309253e+01 8.416777401517424551e+01
8.487084870848708817e+01 1.627454751372951236e+01 1.512915129151291538e+01 8.372545248627048409e+01
