8.550724637681159379e+01 1.433481197298485377e+01 1.449275362318840621e+01 8.566518802701514801e+01
8.782608695652174902e+01 1.416414824240496095e+01 1.217391304347826164e+01 8.583585175759503727e+01
8.550185873605947506e+01 1.431961086724403920e+01 1.449814126394051961e+01 8.568038913275596258e+01
9.417475728155339709e+01 1.408938814531548722e+01 5.825242718446602019e+00 8.591061185468451811e+01
8.776371308016878459e+01 1.413741183928996037e+01 1.223628691983122430e+01 8.586258816071004674e+01
9.162790697674418539e+01 1.429250326719733977e+01 8.372093023255814614e+00 8.570749673280265313e+01
9.139344262295081478e+01 1.436781609195402254e+01 8.606557377049179891e+00 8.563218390804597391e+01
9.062500000000000000e+01 1.452465483234713872e+01 9.375000000000000000e+00 8.547534516765286128e+01
9.266055045871559059e+01 1.407960588051297890e+01 7.339449541284404077e+00 8.592039411948701400e+01
8.727272727272726627e+01 1.455953839465676047e+01 1.272727272727272663e+01 8.544046160534324486e+01
9.012875536480686378e+01 1.391648525628339428e+01 9.871244635193132666e+00 8.608351474371660572e+01
8.870292887029287954e+01 1.384579127224164274e+01 1.129707112970711336e+01 8.615420872775835903e+01
9.120000000000000284e+01 1.432527895962109632e+01 8.799999999999998934e+00 8.567472104037889835e+01
9.112903225806451246e+01 1.409422907135404124e+01 8.870967741935483986e+00 8.590577092864596409e+01
9.078341013824883987e+01 1.381031613976705330e+01 9.216589861751153023e+00 8.618968386023294670e+01
8.861788617886179509e+01 1.474735370481326235e+01 1.138211382113821024e+01 8.525264629518673587e+01
9.037656903765690686e+01 1.434715700587933540e+01 9.623430962343096695e+00 8.565284299412066105e+01
8.783269961977185858e+01 1.414546183129633228e+01 1.216730038022813609e+01 8.585453816870366950e+01
8.774703557312253110e+01 1.381068151517527909e+01 1.225296442687747067e+01 8.618931848482472446e+01
8.796992481203007230e+01 1.395404026420915322e+01 1.203007518796992414e+01 8.604595973579084500e+01
8.729508196721312174e+01 1.435866983372921446e+01 1.270491803278688536e+01 8.564133016627077666e+01
9.339622641509434686e+01 1.431052174599415849e+01 6.603773584905660243e+00 8.568947825400584861e+01
8.774703557312253110e+01 1.429026859010121875e+01 1.225296442687747067e+01 8.570973140989877948e+01
9.026217228464419406e+01 1.402246124644100078e+01 9.737827715355805935e+00 8.597753875355900277e+01
9.253731343283581623e+01 1.423678865835689500e+01 7.462686567164178442e+00 8.576321134164311388e+01
9.251101321585902326e+01 1.433420159444312958e+01 7.488986784140968744e+00 8.566579840555687042e+01
8.978723404255319451e+01 1.420693485678013168e+01 1.021276595744680726e+01 8.579306514321987720e+01
8.960000000000000853e+01 1.466474866139215116e+01 1.040000000000000036e+01 8.533525133860784706e+01
9.036697247706422331e+01 1.395348837209302317e+01 9.633027522935780240e+00 8.604651162790698038e+01
9.153225806451612812e+01 1.437092412915539974e+01 8.467741935483870108e+00 8.562907587084460204e+01
8.914728682170543550e+01 1.411957477419870344e+01 1.085271317829457338e+01 8.588042522580128946e+01
9.208333333333332860e+01 1.414967066105864646e+01 7.916666666666666075e+00 8.585032933894134999e+01
8.792452830188679513e+01 1.376871715854766620e+01 1.207547169811320842e+01 8.623128284145232669e+01
9.008620689655172953e+01 1.418797979396205555e+01 9.913793103448275801e+00 8.581202020603794267e+01
9.049773755656109131e+01 1.430319778918278573e+01 9.502262443438914019e+00 8.569680221081721072e+01
8.958333333333334281e+01 1.399548532731376937e+01 1.041666666666666785e+01 8.600451467268622707e+01
9.055793991416308586e+01 1.431437053678889448e+01 9.442060085836910588e+00 8.568562946321111440e+01
9.375000000000000000e+01 1.396832994296198827e+01 6.250000000000000000e+00 8.603167005703801351e+01
9.065420560747664069e+01 1.416093589439569911e+01 9.345794392523364635e+00 8.583906410560430800e+01
9.321266968325791424e+01 1.397070467141726091e+01 6.787330316742081315e+00 8.602929532858274797e+01
8.528428093645484864e+01 1.418090938406965407e+01 1.471571906354515136e+01 8.581909061593034949e+01
8.587360594795538304e+01 1.446347076491009176e+01 1.412639405204460985e+01 8.553652923508991535e+01
8.791666666666667140e+01 1.465465942000238009e+01 1.208333333333333393e+01 8.534534057999762524e+01
9.253731343283581623e+01 1.396670086009626743e+01 7.462686567164178442e+00 8.603329913990373257e+01
8.716814159292034958e+01 1.394969354453554011e+01 1.283185840707964687e+01 8.605030645546445101e+01
9.041095890410957736e+01 1.409294757312378543e+01 9.589041095890410205e+00 8.590705242687621990e+01
8.888888888888888573e+01 1.369570377403275607e+01 1.111111111111111072e+01 8.630429622596724926e+01
8.689138576779026835e+01 1.408701149879479964e+01 1.310861423220973698e+01 8.591298850120520569e+01
8.986175115207373665e+01 1.433433591894886838e+01 1.013824884792626690e+01 8.566566408105113339e+01
8.859649122807017818e+01 1.379065641632170269e+01 1.140350877192982360e+01 8.620934358367830441e+01
9.094827586206896797e+01 1.436245852425343550e+01 9.051724137931033809e+00 8.563754147574655917e+01
8.924302788844620693e+01 1.395644067124211496e+01 1.075697211155378419e+01 8.604355932875787971e+01
8.867924528301887221e+01 1.440029018216991652e+01 1.132075471698113311e+01 8.559970981783008881e+01
9.362745098039215463e+01 1.437730405513704213e+01 6.372549019607842702e+00 8.562269594486295432e+01
8.987341772151899022e+01 1.406018944086966904e+01 1.012658227848101333e+01 8.593981055913032208e+01
9.279279279279279535e+01 1.386971356026343116e+01 7.207207207207207311e+00 8.613028643973656528e+01
9.059829059829060327e+01 1.449748348537275788e+01 9.401709401709402059e+00 8.550251651462723146e+01
9.000000000000000000e+01 1.433190945746337164e+01 1.000000000000000000e+01 8.566809054253661770e+01
9.201877934272300763e+01 1.437900641025640880e+01 7.981220657276995034e+00 8.562099358974359120e+01
8.461538461538461320e+01 1.461624381681825646e+01 1.538461538461538503e+01 8.538375618318174531e+01
9.220183486238532566e+01 1.439940410851497710e+01 7.798165137614679665e+00 8.560059589148501402e+01
9.123505976095617598e+01 1.393429551072482298e+01 8.764940239043825798e+00 8.606570448927517702e+01
8.936170212765956933e+01 1.454102674889037417e+01 1.063829787234042534e+01 8.545897325110962583e+01
8.978723404255319451e+01 1.418058870326173526e+01 1.021276595744680726e+01 8.581941129673826651e+01
8.813559322033897558e+01 1.442809871227524710e+01 1.186440677966101731e+01 8.557190128772475646e+01
8.571428571428570820e+01 1.431921150941896670e+01 1.428571428571428470e+01 8.568078849058103685e+01
8.971962616822429482e+01 1.455743954254854522e+01 1.028037383177569986e+01 8.544256045745144945e+01
9.315068493150684503e+01 1.414355367276796471e+01 6.849315068493150527e+00 8.585644632723203529e+01
8.884462151394421880e+01 1.390675879596537179e+01 1.115537848605577587e+01 8.609324120403462643e+01
9.292452830188679513e+01 1.406908503682697287e+01 7.075471698113207530e+00 8.593091496317303779e+01
8.717948717948718240e+01 1.462555066079295152e+01 1.282051282051281937e+01 8.537444933920704671e+01
8.990825688073394417e+01 1.432164816737203594e+01 1.009174311926605583e+01 8.567835183262796761e+01
9.185520361990950278e+01 1.472944705371591034e+01 8.144796380090497223e+00 8.527055294628409854e+01
8.977777777777777146e+01 1.410712872853865107e+01 1.022222222222222321e+01 8.589287127146134537e+01
8.636363636363635976e+01 1.392047713717693647e+01 1.363636363636363491e+01 8.607952286282306886e+01
9.045643153526971503e+01 1.431462011505653642e+01 9.543568464730290302e+00 8.568537988494347246e+01
8.768656716417910957e+01 1.400839870057840031e+01 1.231343283582089576e+01 8.599160129942158903e+01
9.154228855721393643e+01 1.441904989828886130e+01 8.457711442786070677e+00 8.558095010171113870e+01
9.004524886877828749e+01 1.420615029637585991e+01 9.954751131221719618e+00 8.579384970362413299e+01
9.151785714285713880e+01 1.438667140431915925e+01 8.482142857142857650e+00 8.561332859568084075e+01
9.254901960784313530e+01 1.416514779301054006e+01 7.450980392156862919e+00 8.583485220698946705e+01
8.725868725868726017e+01 1.421182462003660341e+01 1.274131274131274161e+01 8.578817537996339126e+01
9.141630901287554423e+01 1.402796032978850604e+01 8.583690987124462879e+00 8.597203967021150106e+01
8.908296943231441389e+01 1.415416368976740458e+01 1.091703056768558966e+01 8.584583631023259898e+01
8.915662650602409656e+01 1.432243267823954902e+01 1.084337349397590344e+01 8.567756732176044920e+01
9.078947368421053454e+01 1.423481909587522765e+01 9.210526315789472562e+00 8.576518090412477591e+01
9.372197309417040856e+01 1.448746238716148405e+01 6.278026905829596771e+00 8.551253761283851418e+01
9.144144144144144093e+01 1.413995918857280110e+01 8.558558558558559071e+00 8.586004081142719713e+01
8.701298701298701133e+01 1.439077718147485641e+01 1.298701298701298512e+01 8.560922281852514004e+01
9.609756097560975263e+01 1.439126117179741726e+01 3.902439024390243816e+00 8.560873882820257563e+01
8.711864406779660897e+01 1.446508290816326614e+01 1.288135593220338926e+01 8.553491709183673208e+01
9.102040816326531569e+01 1.440492586891355487e+01 8.979591836734693189e+00 8.559507413108644869e+01
9.184549356223176630e+01 1.450333478037807389e+01 8.154506437768240801e+00 8.549666521962193144e+01
9.107981220657276822e+01 1.404438817897693603e+01 8.920187793427230005e+00 8.595561182102305509e+01
9.223744292237442721e+01 1.460040778795026384e+01 7.762557077625570123e+00 8.539959221204973971e+01
8.728813559322034621e+01 1.431888235058644554e+01 1.271186440677966090e+01 8.568111764941355091e+01
8.954545454545454675e+01 1.430673772969533175e+01 1.045454545454545325e+01 8.569326227030467180e+01
9.040000000000000568e+01 1.370732476543404488e+01 9.599999999999999645e+00 8.629267523456594802e+01
9.237288135593220773e+01 1.424982053122756653e+01 7.627118644067796716e+00 8.575017946877242991e+01
9.038461538461538680e+01 1.401023687656231509e+01 9.615384615384616751e+00 8.598976312343768313e+01
8.795180722891565495e+01 1.401556420233463029e+01 1.204819277108433795e+01 8.598443579766536971e+01
9.272727272727271952e+01 1.430893664261359000e+01 7.272727272727272485e+00 8.569106335738641178e+01
8.987341772151899022e+01 1.435616002545136460e+01 1.012658227848101333e+01 8.564383997454864073e+01
9.324324324324324209e+01 1.453248811410459673e+01 6.756756756756757021e+00 8.546751188589540504e+01
9.534883720930233153e+01 1.419894296757908059e+01 4.651162790697674687e+00 8.580105703242092829e+01
9.357798165137614887e+01 1.444982100003933922e+01 6.422018348623853790e+00 8.555017899996066433e+01
9.094650205761315931e+01 1.434640651429920055e+01 9.053497942386831809e+00 8.565359348570079590e+01
9.094650205761315931e+01 1.427440424352782777e+01 9.053497942386831809e+00 8.572559575647217400e+01
8.571428571428570820e+01 1.460429374950487080e+01 1.428571428571428470e+01 8.539570625049512387e+01
8.986175115207373665e+01 1.418568884571798705e+01 1.013824884792626690e+01 8.581431115428202361e+01
8.960000000000000853e+01 1.403606990042788105e+01 1.040000000000000036e+01 8.596393009957211007e+01
8.603174603174603874e+01 1.420897660353334402e+01 1.396825396825396837e+01 8.579102339646665598e+01
8.720379146919431435e+01 1.451421331855253882e+01 1.279620853080568565e+01 8.548578668144746473e+01
8.875968992248061795e+01 1.394952656392377577e+01 1.124031007751938027e+01 8.605047343607623134e+01
8.750000000000000000e+01 1.381436819985074038e+01 1.250000000000000000e+01 8.618563180014926672e+01
9.160000000000000853e+01 1.406243864127233500e+01 8.400000000000000355e+00 8.593756135872766322e+01
9.103773584905660243e+01 1.442388393749250675e+01 8.962264150943395791e+00 8.557611606250749503e+01
9.583333333333334281e+01 1.431436249147715856e+01 4.166666666666666075e+00 8.568563750852284500e+01
9.347826086956521863e+01 1.426152695200220499e+01 6.521739130434782261e+00 8.573847304799780034e+01
8.870292887029287954e+01 1.392715756136183636e+01 1.129707112970711336e+01 8.607284243863816187e+01
8.977777777777777146e+01 1.432735867638369243e+01 1.022222222222222321e+01 8.567264132361630402e+01
9.015748031496062254e+01 1.409838640021985867e+01 9.842519685039370358e+00 8.590161359978014843e+01
8.992248062015504217e+01 1.400198609731876864e+01 1.007751937984496138e+01 8.599801390268123669e+01
9.437229437229437679e+01 1.457636566332218564e+01 5.627705627705627656e+00 8.542363433667780726e+01
9.212962962962963331e+01 1.396423072367641893e+01 7.870370370370370239e+00 8.603576927632357751e+01
9.151785714285713880e+01 1.430819465753963549e+01 8.482142857142857650e+00 8.569180534246036984e+01
9.054054054054053324e+01 1.430570548958458232e+01 9.459459459459459651e+00 8.569429451041541768e+01
9.045454545454545325e+01 1.437931998881297702e+01 9.545454545454546746e+00 8.562068001118701943e+01
8.883928571428570820e+01 1.393465737420940265e+01 1.116071428571428648e+01 8.606534262579059202e+01
8.938053097345132869e+01 1.441829239396571971e+01 1.061946902654867309e+01 8.558170760603427141e+01
8.692579505300352594e+01 1.428287801778907173e+01 1.307420494699646696e+01 8.571712198221092649e+01
9.266055045871559059e+01 1.402091254752851590e+01 7.339449541284404077e+00 8.597908745247147522e+01
8.985507246376810997e+01 1.449600000000000044e+01 1.014492753623188470e+01 8.550400000000000489e+01
8.812785388127853992e+01 1.424812629564662636e+01 1.187214611872146008e+01 8.575187370435337186e+01
9.090909090909090651e+01 1.455093621072675347e+01 9.090909090909091717e+00 8.544906378927325363e+01
9.150943396226415416e+01 1.431059736352480272e+01 8.490566037735849392e+00 8.568940263647519373e+01
9.250000000000000000e+01 1.429609006173586749e+01 7.500000000000000000e+00 8.570390993826413251e+01
8.593155893536122392e+01 1.373029913155355608e+01 1.406844106463878497e+01 8.626970086844643504e+01
8.565737051792828538e+01 1.410125987948978832e+01 1.434262948207171462e+01 8.589874012051021168e+01
9.276018099547511042e+01 1.449033182143709730e+01 7.239819004524887802e+00 8.550966817856290447e+01
9.132420091324200939e+01 1.429249387012576022e+01 8.675799086757990608e+00 8.570750612987423267e+01
9.058823529411765207e+01 1.436115708993457929e+01 9.411764705882353255e+00 8.563884291006542071e+01
9.012875536480686378e+01 1.406777640935997731e+01 9.871244635193132666e+00 8.593222359064002092e+01
8.967136150234740910e+01 1.431747796394822458e+01 1.032863849765258202e+01 8.568252203605177897e+01
9.023437500000000000e+01 1.460633556831412960e+01 9.765625000000000000e+00 8.539366443168586329e+01
8.853754940711462496e+01 1.419867133142025928e+01 1.146245059288537504e+01 8.580132866857972829e+01
8.924302788844620693e+01 1.367353357446139483e+01 1.075697211155378419e+01 8.632646642553861227e+01
8.858267716535432612e+01 1.452708100335516939e+01 1.141732283464567033e+01 8.547291899664483594e+01
9.211822660098522420e+01 1.393715781956677091e+01 7.881773399014778470e+00 8.606284218043323619e+01
9.252336448598130403e+01 1.432995830851697328e+01 7.476635514018690643e+00 8.567004169148302140e+01
9.295774647887323283e+01 1.440834084584329489e+01 7.042253521126760951e+00 8.559165915415670156e+01
8.951612903225806406e+01 1.412707226144205563e+01 1.048387096774193594e+01 8.587292773855794792e+01
9.336283185840707688e+01 1.409791658367525713e+01 6.637168141592921344e+00 8.590208341632474287e+01
9.241071428571429180e+01 1.407975216458813250e+01 7.589285714285713524e+00 8.592024783541187105e+01
9.075630252100840778e+01 1.406962785114045644e+01 9.243697478991597549e+00 8.593037214885954711e+01
8.734693877551021046e+01 1.411419740856678651e+01 1.265306122448979487e+01 8.588580259143321882e+01
9.230769230769230660e+01 1.426821074265839329e+01 7.692307692307692513e+00 8.573178925734160316e+01
9.082125603864734842e+01 1.447818138462761439e+01 9.178743961352656910e+00 8.552181861537239627e+01
9.090909090909090651e+01 1.401703335699077435e+01 9.090909090909091717e+00 8.598296664300923453e+01
8.854961832061069060e+01 1.444199590744530148e+01 1.145038167938931295e+01 8.555800409255469674e+01
8.744588744588745044e+01 1.405095793008097971e+01 1.255411255411255311e+01 8.594904206991901674e+01
8.755364806866953131e+01 1.448459128227501580e+01 1.244635193133047224e+01 8.551540871772498065e+01
9.680365296803653052e+01 1.387719437604257600e+01 3.196347031963470364e+00 8.612280562395741867e+01
9.086956521739129755e+01 1.442101074413052153e+01 9.130434782608695343e+00 8.557898925586947314e+01
9.354838709677419217e+01 1.383234240264598114e+01 6.451612903225806051e+00 8.616765759735402241e+01
9.074074074074074758e+01 1.461812425801345405e+01 9.259259259259259522e+00 8.538187574198654772e+01
9.351851851851851904e+01 1.434834123222748836e+01 6.481481481481480955e+00 8.565165876777250276e+01
9.234449760765551218e+01 1.436901619321539769e+01 7.655502392344497586e+00 8.563098380678459876e+01
8.773234200743495137e+01 1.428855721393034806e+01 1.226765799256505574e+01 8.571144278606965372e+01
8.825757575757575069e+01 1.448905546030860059e+01 1.174242424242424221e+01 8.551094453969140829e+01
9.220779220779220964e+01 1.382683776932826270e+01 7.792207792207792139e+00 8.617316223067173553e+01
8.698884758364312120e+01 1.402218423249711776e+01 1.301115241635687703e+01 8.597781576750288934e+01
8.745644599303136602e+01 1.427144512365655871e+01 1.254355400696864109e+01 8.572855487634343774e+01
8.801498127340823885e+01 1.415535889872173136e+01 1.198501872659176115e+01 8.584464110127827041e+01
9.173553719008265261e+01 1.432195663376541006e+01 8.264462809917356267e+00 8.567804336623458994e+01
9.000000000000000000e+01 1.434102402022756095e+01 1.000000000000000000e+01 8.565897597977244970e+01
9.136363636363637397e+01 1.448234590065828797e+01 8.636363636363636687e+00 8.551765409934171203e+01
8.947368421052631504e+01 1.407774692582308695e+01 1.052631578947368318e+01 8.592225307417690772e+01
9.299065420560748407e+01 1.434719096687591389e+01 7.009345794392523032e+00 8.565280903312408611e+01
9.095238095238094900e+01 1.446013885563801971e+01 9.047619047619047450e+00 8.553986114436197852e+01
9.012345679012345556e+01 1.447525224437912250e+01 9.876543209876542662e+00 8.552474775562087927e+01
9.308755760368663346e+01 1.425685311361115737e+01 6.912442396313364767e+00 8.574314688638884263e+01
9.090909090909090651e+01 1.426492566664044581e+01 9.090909090909091717e+00 8.573507433335954886e+01
9.126637554585153111e+01 1.445630182092275895e+01 8.733624454148470662e+00 8.554369817907723927e+01
8.621908127208480721e+01 1.451040490401677729e+01 1.378091872791519457e+01 8.548959509598323336e+01
8.689956331877729667e+01 1.429701403994462972e+01 1.310043668122270688e+01 8.570298596005537206e+01
9.201680672268906847e+01 1.440762851075764139e+01 7.983193277310923541e+00 8.559237148924235328e+01
9.163346613545816410e+01 1.420125386874057583e+01 8.366533864541832344e+00 8.579874613125943483e+01
9.079999999999999716e+01 1.407946593742459562e+01 9.199999999999999289e+00 8.592053406257539905e+01
9.012875536480686378e+01 1.464738510301109287e+01 9.871244635193132666e+00 8.535261489698891069e+01
8.709677419354838435e+01 1.408150371189385552e+01 1.290322580645161210e+01 8.591849628810615513e+01
8.965517241379311031e+01 1.395842512115993195e+01 1.034482758620689680e+01 8.604157487884006628e+01
9.292452830188679513e+01 1.365656403891580339e+01 7.075471698113207530e+00 8.634343596108419661e+01
9.007633587786259000e+01 1.423386460470253922e+01 9.923664122137404675e+00 8.576613539529745367e+01
9.115044247787609777e+01 1.459153345650253186e+01 8.849557522123893349e+00 8.540846654349746814e+01
8.913857677902620935e+01 1.429201057777065564e+01 1.086142322097378354e+01 8.570798942222934613e+01
8.897338403041824506e+01 1.424931321415774121e+01 1.102661596958174961e+01 8.575068678584226234e+01
8.843283582089553363e+01 1.423710034821145953e+01 1.156716417910447703e+01 8.576289965178854402e+01
8.807692307692308020e+01 1.457894945805375819e+01 1.192307692307692335e+01 8.542105054194624358e+01
8.765432098765431590e+01 1.415421398684996923e+01 1.234567901234567877e+01 8.584578601315003255e+01
8.618181818181818699e+01 1.436744560838033813e+01 1.381818181818181834e+01 8.563255439161966365e+01
9.095022624434389513e+01 1.415675654460536137e+01 9.049773755656108420e+00 8.584324345539464218e+01
8.723404255319150025e+01 1.433353257621040022e+01 1.276595744680851041e+01 8.566646742378959800e+01
8.915662650602409656e+01 1.426351028216164529e+01 1.084337349397590344e+01 8.573648971783836714e+01
9.074074074074074758e+01 1.427546342435718429e+01 9.259259259259259522e+00 8.572453657564281571e+01
8.658536585365853000e+01 1.446299012805772577e+01 1.341463414634146467e+01 8.553700987194227423e+01
9.122807017543858876e+01 1.406493350904516682e+01 8.771929824561402356e+00 8.593506649095483851e+01
8.920187793427230361e+01 1.410991967712578798e+01 1.079812206572769995e+01 8.589008032287421202e+01
9.025423728813559876e+01 1.454458939688330332e+01 9.745762711864406569e+00 8.545541060311670378e+01
9.022222222222222854e+01 1.453267856429911831e+01 9.777777777777778567e+00 8.546732143570088169e+01
9.230769230769230660e+01 1.424309919656351830e+01 7.692307692307692513e+00 8.575690080343647992e+01
8.879999999999999716e+01 1.407489685814027425e+01 1.120000000000000107e+01 8.592510314185972220e+01
9.209302325581396076e+01 1.402714932126696823e+01 7.906976744186046346e+00 8.597285067873303888e+01
9.324324324324324209e+01 1.435899475107364509e+01 6.756756756756757021e+00 8.564100524892636201e+01
8.820960698689955848e+01 1.412445153570003953e+01 1.179039301310043619e+01 8.587554846429995337e+01
9.142857142857143060e+01 1.428627806937921818e+01 8.571428571428571175e+00 8.571372193062077827e+01
9.079497907949790658e+01 1.416554241726847074e+01 9.205020920502091641e+00 8.583445758273153103e+01
9.207048458149780856e+01 1.429756637168141609e+01 7.929515418502202984e+00 8.570243362831858747e+01
9.140271493212669895e+01 1.424832454296704753e+01 8.597285067873302822e+00 8.575167545703294536e+01
8.931297709923664740e+01 1.453747974868613291e+01 1.068702290076335792e+01 8.546252025131386176e+01
9.094827586206896797e+01 1.419898550145784277e+01 9.051724137931033809e+00 8.580101449854215900e+01
8.619402985074626145e+01 1.413602214313958072e+01 1.380597014925373145e+01 8.586397785686041573e+01
9.192825112107622942e+01 1.424729056245550218e+01 8.071748878923767023e+00 8.575270943754449604e+01
9.211618257261410747e+01 1.449166303615984930e+01 7.883817427385891641e+00 8.550833696384015070e+01
9.067796610169492055e+01 1.420690194850927313e+01 9.322033898305084776e+00 8.579309805149073043e+01
9.078947368421053454e+01 1.424070824692933357e+01 9.210526315789472562e+00 8.575929175307066998e+01
9.272727272727271952e+01 1.406025824964131843e+01 7.272727272727272485e+00 8.593974175035867802e+01
9.012345679012345556e+01 1.408068888534524099e+01 9.876543209876542662e+00 8.591931111465476079e+01
8.679245283018867951e+01 1.414157401179123852e+01 1.320754716981132049e+01 8.585842598820876503e+01
9.248826291079812734e+01 1.413112667091024832e+01 7.511737089201877993e+00 8.586887332908975168e+01
9.236947791164659805e+01 1.419306362953296130e+01 7.630522088353414389e+00 8.580693637046704225e+01
8.781512605042016162e+01 1.428683570138943359e+01 1.218487394957983128e+01 8.571316429861056463e+01
9.327354260089686022e+01 1.442966385215867575e+01 6.726457399103138890e+00 8.557033614784133135e+01
8.622047244094488860e+01 1.369668246445497672e+01 1.377952755905511850e+01 8.630331753554501972e+01
9.136363636363637397e+01 1.403926234384295135e+01 8.636363636363636687e+00 8.596073765615705042e+01
9.209302325581396076e+01 1.349639485320479615e+01 7.906976744186046346e+00 8.650360514679520918e+01
8.729508196721312174e+01 1.428628692828796964e+01 1.270491803278688536e+01 8.571371307171202147e+01
8.852459016393441971e+01 1.444589722255239828e+01 1.147540983606557319e+01 8.555410277744761061e+01
8.816326530612245449e+01 1.425560680769842570e+01 1.183673469387755084e+01 8.574439319230157253e+01
9.139344262295081478e+01 1.382727701746106774e+01 8.606557377049179891e+00 8.617272298253892870e+01
9.380952380952381020e+01 1.416266423212797143e+01 6.190476190476190688e+00 8.583733576787201969e+01
9.043478260869565588e+01 1.408836489222341193e+01 9.565217391304347672e+00 8.591163510777658985e+01
8.975409836065574609e+01 1.429367290091524190e+01 1.024590163934426279e+01 8.570632709908475988e+01
9.130434782608695343e+01 1.451048263383550285e+01 8.695652173913043015e+00 8.548951736616449182e+01
9.174757281553398514e+01 1.422499404147135849e+01 8.252427184466020194e+00 8.577500595852863796e+01
9.013452914798206450e+01 1.391055540312781602e+01 9.865470852017937275e+00 8.608944459687218398e+01
9.011857707509881266e+01 1.440776078885384592e+01 9.881422924901185567e+00 8.559223921114615052e+01
8.921161825726142069e+01 1.409953081766050431e+01 1.078838174273858996e+01 8.590046918233950635e+01
8.736059479553904339e+01 1.407558000478354465e+01 1.263940520446096549e+01 8.592441999521645357e+01
9.098039215686274872e+01 1.435816787890701818e+01 9.019607843137254832e+00 8.564183212109298893e+01
8.995815899581589292e+01 1.423036983784647447e+01 1.004184100418409997e+01 8.576963016215353264e+01
8.610038610038608908e+01 1.399078926472923712e+01 1.389961389961390026e+01 8.600921073527076999e+01
8.908296943231441389e+01 1.436813403935825484e+01 1.091703056768558966e+01 8.563186596064173273e+01
9.259259259259259522e+01 1.462204724409448886e+01 7.407407407407406552e+00 8.537795275590551114e+01
8.832684824902723619e+01 1.428973390143902300e+01 1.167315175097276203e+01 8.571026609856097878e+01
8.741007194244603795e+01 1.426852260419591545e+01 1.258992805755395672e+01 8.573147739580407745e+01
8.821138211382113070e+01 1.390573049090553504e+01 1.178861788617886219e+01 8.609426950909447385e+01
9.061032863849764851e+01 1.415577709814513341e+01 9.389671361502346159e+00 8.584422290185487725e+01
9.181818181818182723e+01 1.427214438375682626e+01 8.181818181818181657e+00 8.572785561624317552e+01
9.039301310043667570e+01 1.447242968377562278e+01 9.606986899563318971e+00 8.552757031622437012e+01
8.618421052631578050e+01 1.395726157499010611e+01 1.381578947368421240e+01 8.604273842500988678e+01
9.004149377593361692e+01 1.445523193096008541e+01 9.958506224066390189e+00 8.554476806903991815e+01
8.687258687258687928e+01 1.428571428571428470e+01 1.312741312741312605e+01 8.571428571428570820e+01
8.823529411764705799e+01 1.439324907887959881e+01 1.176470588235294024e+01 8.560675092112039408e+01
9.262672811059907474e+01 1.394762748572553690e+01 7.373271889400921708e+00 8.605237251427446665e+01
9.065420560747664069e+01 1.414269823613538968e+01 9.345794392523364635e+00 8.585730176386461210e+01
9.237288135593220773e+01 1.432162777908712314e+01 7.627118644067796716e+00 8.567837222091287686e+01
9.248826291079812734e+01 1.416673183702197569e+01 7.511737089201877993e+00 8.583326816297802964e+01
9.282511210762332610e+01 1.397694524495677371e+01 7.174887892376681897e+00 8.602305475504323340e+01
9.217391304347826519e+01 1.435214626391097070e+01 7.826086956521740134e+00 8.564785373608903285e+01
9.247787610619468524e+01 1.463550361713967796e+01 7.522123893805310324e+00 8.536449638286032382e+01
8.727272727272726627e+01 1.447494033412887759e+01 1.272727272727272663e+01 8.552505966587111175e+01
8.953974895397489320e+01 1.398038526159496797e+01 1.046025104602510325e+01 8.601961473840503913e+01
9.083333333333332860e+01 1.433366633366633458e+01 9.166666666666666075e+00 8.566633366633367075e+01
9.214876033057851146e+01 1.443928177665774193e+01 7.851239669421487655e+00 8.556071822334226340e+01
8.517241379310345906e+01 1.421092594812772347e+01 1.482758620689655160e+01 8.578907405187227653e+01
9.063829787234041646e+01 1.443647949024293098e+01 9.361702127659574657e+00 8.556352050975706902e+01
8.940092165898617793e+01 1.385513649992109819e+01 1.059907834101382562e+01 8.614486350007891247e+01
8.991596638655462925e+01 1.405129018193349033e+01 1.008403361344537785e+01 8.594870981806651855e+01
8.475836431226765910e+01 1.396716880639134928e+01 1.524163568773234090e+01 8.603283119360864362e+01
8.804780876494024255e+01 1.436529572122792509e+01 1.195219123505976100e+01 8.563470427877207669e+01
8.674242424242424931e+01 1.426451638095981878e+01 1.325757575757575779e+01 8.573548361904018122e+01
9.318181818181817277e+01 1.457282408519497174e+01 6.818181818181817455e+00 8.542717591480503359e+01
9.363636363636364024e+01 1.446706683971447127e+01 6.363636363636363313e+00 8.553293316028552340e+01
9.282296650717702846e+01 1.435164922611705762e+01 7.177033492822966210e+00 8.564835077388293882e+01
8.925925925925926663e+01 1.444143857415658694e+01 1.074074074074074048e+01 8.555856142584342194e+01
8.906882591093116730e+01 1.410418810862164563e+01 1.093117408906882559e+01 8.589581189137835793e+01
9.157088122605362912e+01 1.454054688416852592e+01 8.429118773946360221e+00 8.545945311583147941e+01
8.777292576419213788e+01 1.435439285285044697e+01 1.222707423580786035e+01 8.564560714714954770e+01
9.136363636363637397e+01 1.408433686415079222e+01 8.636363636363636687e+00 8.591566313584920067e+01
8.990825688073394417e+01 1.431397373002057449e+01 1.009174311926605583e+01 8.568602626997943617e+01
9.069767441860464885e+01 1.435203555273391096e+01 9.302325581395349374e+00 8.564796444726609081e+01
9.201680672268906847e+01 1.375931163605943475e+01 7.983193277310923541e+00 8.624068836394056348e+01
9.112903225806451246e+01 1.421234250862691617e+01 8.870967741935483986e+00 8.578765749137308205e+01
8.766519823788546262e+01 1.414447456546005455e+01 1.233480176211453738e+01 8.585552543453994190e+01
9.073170731707317316e+01 1.440262512848896925e+01 9.268292682926828618e+00 8.559737487151103608e+01
9.032258064516128115e+01 1.452369592875318105e+01 9.677419354838709964e+00 8.547630407124682961e+01
9.227053140096617767e+01 1.447618294033866171e+01 7.729468599033816112e+00 8.552381705966134007e+01
9.090909090909090651e+01 1.381098655602983882e+01 9.090909090909091717e+00 8.618901344397016828e+01
8.854625550660793465e+01 1.422705314009661848e+01 1.145374449339207068e+01 8.577294685990337086e+01
8.858447488584474172e+01 1.406845616264294740e+01 1.141552511415525117e+01 8.593154383735705437e+01
9.115044247787609777e+01 1.446533443695557963e+01 8.849557522123893349e+00 8.553466556304442747e+01
9.391304347826087451e+01 1.421951698409581688e+01 6.086956521739130821e+00 8.578048301590418134e+01
8.974358974358975161e+01 1.448659384309831033e+01 1.025641025641025550e+01 8.551340615690168079e+01
8.444444444444444287e+01 1.391211738718838831e+01 1.555555555555555536e+01 8.608788261281161169e+01
8.642857142857143060e+01 1.430843871788753674e+01 1.357142857142857117e+01 8.569156128211245971e+01
8.787878787878787534e+01 1.464694280078895261e+01 1.212121212121212110e+01 8.535305719921105094e+01
9.279279279279279535e+01 1.425876434522873915e+01 7.207207207207207311e+00 8.574123565477125908e+01
9.389671361502347224e+01 1.441619548455972399e+01 6.103286384976525980e+00 8.558380451544027778e+01
9.000000000000000000e+01 1.402527366387636754e+01 1.000000000000000000e+01 8.597472633612362358e+01
9.180327868852458550e+01 1.395571514063435004e+01 8.196721311475409166e+00 8.604428485936564641e+01
8.686440677966102442e+01 1.437564336051943847e+01 1.313559322033898447e+01 8.562435663948055264e+01
9.196428571428570820e+01 1.466210300087558771e+01 8.035714285714286476e+00 8.533789699912442472e+01
9.414414414414414978e+01 1.433876377575467131e+01 5.855855855855855552e+00 8.566123622424532869e+01
9.173913043478260931e+01 1.378925553961422068e+01 8.260869565217390686e+00 8.621074446038578287e+01
9.288702928870293363e+01 1.381691883907541296e+01 7.112970711297071702e+00 8.618308116092458704e+01
8.871595330739299357e+01 1.430662131160509531e+01 1.128404669260700466e+01 8.569337868839490113e+01
8.595041322314050092e+01 1.362809459780115517e+01 1.404958677685950441e+01 8.637190540219884838e+01
8.931623931623931867e+01 1.452662487104198163e+01 1.068376068376068311e+01 8.547337512895801126e+01
8.983050847457627697e+01 1.449286909409608981e+01 1.016949152542373014e+01 8.550713090590392085e+01
8.467153284671532276e+01 1.424793779847653674e+01 1.532846715328467191e+01 8.575206220152345793e+01
8.842975206611571082e+01 1.406659779066995242e+01 1.157024793388429806e+01 8.593340220933004048e+01
9.015748031496062254e+01 1.430448284099052358e+01 9.842519685039370358e+00 8.569551715900946931e+01
9.113924050632911644e+01 1.423043512595751281e+01 8.860759493670885334e+00 8.576956487404248719e+01
9.207048458149780856e+01 1.398789239465982348e+01 7.929515418502202984e+00 8.601210760534017652e+01
8.698884758364312120e+01 1.430565526042912872e+01 1.301115241635687703e+01 8.569434473957086595e+01
9.194312796208529903e+01 1.398521213079751746e+01 8.056872037914692086e+00 8.601478786920247899e+01
8.805309734513274122e+01 1.443389103048126287e+01 1.194690265486725700e+01 8.556610896951873713e+01
9.262295081967212695e+01 1.409041416300359018e+01 7.377049180327868605e+00 8.590958583699641338e+01
8.750000000000000000e+01 1.426533523537803205e+01 1.250000000000000000e+01 8.573466476462196795e+01
9.105691056910568193e+01 1.423143897419661208e+01 8.943089430894309189e+00 8.576856102580339325e+01
9.264069264069264875e+01 1.446177162684959860e+01 7.359307359307360130e+00 8.553822837315040317e+01
8.624535315985130524e+01 1.434710613467907159e+01 1.375464684014869832e+01 8.565289386532091953e+01
8.595317725752508409e+01 1.413481085821341665e+01 1.404682274247491591e+01 8.586518914178657269e+01
8.615384615384616041e+01 1.413311095226749181e+01 1.384615384615384670e+01 8.586688904773251352e+01
8.674698795180722755e+01 1.466438137755102034e+01 1.325301204819277245e+01 8.533561862244897611e+01
8.819188191881919181e+01 1.450248262164846125e+01 1.180811808118081174e+01 8.549751737835154586e+01
8.932806324110671881e+01 1.424830377336031262e+01 1.067193675889327942e+01 8.575169622663968028e+01
9.269406392694064323e+01 1.431173768414383041e+01 7.305936073059360325e+00 8.568826231585616426e+01
8.464163822525597425e+01 1.391081294396211376e+01 1.535836177474402753e+01 8.608918705603788624e+01
9.227272727272726627e+01 1.432756752418027979e+01 7.727272727272726627e+00 8.567243247581973264e+01
9.151785714285713880e+01 1.424318395487308209e+01 8.482142857142857650e+00 8.575681604512691081e+01
8.768115942028985899e+01 1.448251220770971415e+01 1.231884057971014634e+01 8.551748779229028230e+01
9.182879377431906676e+01 1.447728625272763381e+01 8.171206225680933244e+00 8.552271374727237685e+01
9.389671361502347224e+01 1.412171725114011700e+01 6.103286384976525980e+00 8.587828274885987412e+01
8.759999999999999432e+01 1.452569563313562462e+01 1.240000000000000036e+01 8.547430436686437361e+01
9.086956521739129755e+01 1.430033457980712441e+01 9.130434782608695343e+00 8.569966542019287203e+01
8.936170212765956933e+01 1.444135188866799169e+01 1.063829787234042534e+01 8.555864811133200476e+01
9.019607843137255543e+01 1.377439048721120507e+01 9.803921568627451677e+00 8.622560951278879315e+01
9.184549356223176630e+01 1.407963757749165445e+01 8.154506437768240801e+00 8.592036242250834732e+01
9.039301310043667570e+01 1.430807152079502309e+01 9.606986899563318971e+00 8.569192847920497513e+01
8.560311284046692037e+01 1.390498718706879622e+01 1.439688715953307252e+01 8.609501281293120201e+01
8.808510638297872219e+01 1.431561488034120444e+01 1.191489361702127781e+01 8.568438511965878490e+01
8.390092879256965830e+01 1.417551393693586270e+01 1.609907120743034170e+01 8.582448606306414263e+01
9.049586776859503345e+01 1.423740809184917211e+01 9.504132231404959441e+00 8.576259190815082434e+01
9.083969465648854680e+01 1.411443923172540948e+01 9.160305343511449649e+00 8.588556076827458696e+01
8.741496598639454874e+01 1.449584816132859011e+01 1.258503401360544238e+01 8.550415183867141877e+01
9.054054054054053324e+01 1.421959782955633500e+01 9.459459459459459651e+00 8.578040217044366500e+01
9.017857142857143060e+01 1.444501971404675622e+01 9.821428571428571175e+00 8.555498028595323490e+01
9.146341463414634632e+01 1.405809194580204213e+01 8.536585365853659013e+00 8.594190805419795254e+01
9.386792452830188438e+01 1.410476000796654006e+01 6.132075471698112956e+00 8.589523999203345284e+01
8.566308243727598892e+01 1.401474821562364603e+01 1.433691756272401285e+01 8.598525178437635930e+01
8.884297520661156966e+01 1.439760239760239635e+01 1.115702479338843034e+01 8.560239760239760187e+01
9.055118110236219309e+01 1.388561088820706502e+01 9.448818897637794478e+00 8.611438911179293143e+01
9.017094017094017033e+01 1.419092810036995367e+01 9.829059829059829667e+00 8.580907189963005521e+01
8.934426229508196116e+01 1.423331755797444309e+01 1.065573770491803174e+01 8.576668244202555513e+01
9.066666666666665719e+01 1.399131024036353566e+01 9.333333333333333925e+00 8.600868975963646790e+01
8.561643835616438025e+01 1.424405831835430547e+01 1.438356164383561620e+01 8.575594168164569453e+01
9.186991869918699649e+01 1.406293401055513570e+01 8.130081300813007061e+00 8.593706598944486075e+01
8.740458015267175540e+01 1.408899148292605297e+01 1.259541984732824282e+01 8.591100851707395236e+01
8.935361216730038336e+01 1.413791746980842490e+01 1.064638783269961841e+01 8.586208253019157155e+01
8.719008264462809166e+01 1.443661971830985991e+01 1.280991735537189946e+01 8.556338028169014365e+01
8.774703557312253110e+01 1.432593307593307586e+01 1.225296442687747067e+01 8.567406692406692059e+01
9.406779661016949490e+01 1.421558845831504314e+01 5.932203389830508655e+00 8.578441154168496041e+01
8.708487084870849060e+01 1.436982813494589450e+01 1.291512915129151295e+01 8.563017186505410905e+01
9.079999999999999716e+01 1.395266131900264917e+01 9.199999999999999289e+00 8.604733868099735616e+01
8.710801393728222308e+01 1.443982739331948295e+01 1.289198606271776981e+01 8.556017260668052415e+01
8.776371308016878459e+01 1.418542630794572013e+01 1.223628691983122430e+01 8.581457369205426744e+01
9.377990430622008944e+01 1.424946475299341841e+01 6.220095693779904344e+00 8.575053524700658159e+01
9.273504273504273954e+01 1.420270377104909443e+01 7.264957264957265792e+00 8.579729622895089847e+01
8.913043478260868824e+01 1.461850234132137061e+01 1.086956521739130466e+01 8.538149765867862584e+01
8.767605633802817522e+01 1.444431180613584864e+01 1.232394366197183189e+01 8.555568819386415669e+01
9.205607476635513819e+01 1.408780565258812345e+01 7.943925233644859141e+00 8.591219434741186944e+01
8.937007874015748143e+01 1.420341676599125869e+01 1.062992125984252034e+01 8.579658323400873599e+01
8.888888888888888573e+01 1.439226851666198748e+01 1.111111111111111072e+01 8.560773148333801430e+01
9.095022624434389513e+01 1.449171446781389250e+01 9.049773755656108420e+00 8.550828553218610750e+01
8.697183098591548855e+01 1.434794661597560506e+01 1.302816901408450612e+01 8.565205338402439850e+01
9.330357142857143060e+01 1.405294512171065513e+01 6.696428571428571175e+00 8.594705487828933599e+01
8.726591760299625378e+01 1.447305484693877631e+01 1.273408239700374622e+01 8.552694515306123435e+01
9.102564102564102200e+01 1.412717219589257667e+01 8.974358974358974450e+00 8.587282780410741623e+01
9.063670411985017950e+01 1.462178217821782056e+01 9.363295880149813399e+00 8.537821782178217234e+01
8.987854251012146278e+01 1.457700303854150015e+01 1.012145748987854255e+01 8.542299696145849452e+01
9.051724137931034875e+01 1.411680968009806669e+01 9.482758620689654805e+00 8.588319031990194219e+01
8.571428571428570820e+01 1.434836343340110965e+01 1.428571428571428470e+01 8.565163656659888147e+01
8.700000000000000000e+01 1.457631151116221879e+01 1.300000000000000000e+01 8.542368848883778298e+01
9.223744292237442721e+01 1.424578775053900692e+01 7.762557077625570123e+00 8.575421224946099130e+01
9.017094017094017033e+01 1.416148077229934543e+01 9.829059829059829667e+00 8.583851922770064391e+01
9.318181818181817277e+01 1.419639278557114359e+01 6.818181818181817455e+00 8.580360721442885108e+01
9.087591240875912035e+01 1.449914570667938030e+01 9.124087591240876094e+00 8.550085429332061437e+01
9.182692307692306599e+01 1.426486827575327254e+01 8.173076923076923350e+00 8.573513172424672746e+01
8.582089552238805652e+01 1.391194371986404299e+01 1.417910447761193993e+01 8.608805628013595879e+01
9.191489361702127781e+01 1.426994638915168601e+01 8.085106382978723971e+00 8.573005361084831577e+01
8.864468864468864240e+01 1.411564625850339993e+01 1.135531135531135583e+01 8.588435374149659651e+01
9.285714285714286120e+01 1.456125729253482604e+01 7.142857142857142350e+00 8.543874270746518107e+01
9.095022624434389513e+01 1.459052151497124683e+01 9.049773755656108420e+00 8.540947848502875672e+01
9.013452914798206450e+01 1.409497317703159247e+01 9.865470852017937275e+00 8.590502682296840931e+01
9.082969432314411051e+01 1.415897374415537513e+01 9.170305676855896593e+00 8.584102625584462487e+01
8.869565217391304657e+01 1.451458632233381074e+01 1.130434782608695699e+01 8.548541367766618748e+01
8.910505836575876515e+01 1.452293724115960671e+01 1.089494163424124551e+01 8.547706275884038973e+01
8.991935483870967971e+01 1.442886565272496746e+01 1.008064516129032206e+01 8.557113434727503432e+01
9.345794392523364991e+01 1.420881817462202079e+01 6.542056074766354534e+00 8.579118182537797566e+01
9.132231404958676535e+01 1.410962704609409002e+01 8.677685950413223992e+00 8.589037295390590998e+01
8.943089430894308123e+01 1.429593418385596770e+01 1.056910569105691167e+01 8.570406581614403763e+01
9.106382978723404165e+01 1.417485773409208605e+01 8.936170212765958354e+00 8.582514226590791395e+01
9.516908212560386460e+01 1.415883383782061422e+01 4.830917874396135403e+00 8.584116616217937690e+01
8.593750000000000000e+01 1.440851735015772839e+01 1.406250000000000000e+01 8.559148264984227694e+01
8.530465949820788296e+01 1.416746641074856150e+01 1.469534050179211526e+01 8.583253358925144028e+01
9.282296650717702846e+01 1.398908400569530208e+01 7.177033492822966210e+00 8.601091599430471035e+01
9.130434782608695343e+01 1.432314410480349309e+01 8.695652173913043015e+00 8.567685589519649625e+01
9.305555555555555713e+01 1.414422173504541114e+01 6.944444444444444642e+00 8.585577826495457998e+01
9.249011857707509421e+01 1.422111960305710099e+01 7.509881422924900463e+00 8.577888039694289546e+01
8.506097560975609895e+01 1.410836570421689018e+01 1.493902439024390105e+01 8.589163429578310627e+01
9.040590405904058002e+01 1.444003177124702297e+01 9.594095940959409319e+00 8.555996822875297880e+01
9.159292035398229359e+01 1.428063381673054799e+01 8.407079646017699304e+00 8.571936618326945734e+01
8.555555555555555713e+01 1.408649326230021970e+01 1.444444444444444287e+01 8.591350673769979096e+01
9.174311926605504652e+01 1.409067388448831615e+01 8.256880733944955253e+00 8.590932611551168918e+01
8.798283261802575339e+01 1.410454563468473665e+01 1.201716738197424839e+01 8.589545436531525979e+01
9.166666666666665719e+01 1.404207841887153485e+01 8.333333333333332149e+00 8.595792158112847403e+01
8.620689655172412813e+01 1.398436876943934770e+01 1.379310344827586121e+01 8.601563123056065763e+01
8.943089430894308123e+01 1.483771251931993795e+01 1.056910569105691167e+01 8.516228748068006382e+01
9.038461538461538680e+01 1.417266473137948957e+01 9.615384615384616751e+00 8.582733526862050155e+01
8.532818532818532731e+01 1.426086956521739069e+01 1.467181467181467269e+01 8.573913043478260931e+01
9.452054794520547887e+01 1.407935055115603262e+01 5.479452054794520244e+00 8.592064944884396027e+01
8.782608695652174902e+01 1.399944446648942531e+01 1.217391304347826164e+01 8.600055553351056403e+01
8.914728682170543550e+01 1.418419784808093809e+01 1.085271317829457338e+01 8.581580215191905836e+01
8.930041152263375182e+01 1.442799999999999905e+01 1.069958847736625529e+01 8.557200000000000273e+01
9.079999999999999716e+01 1.435907643312101811e+01 9.199999999999999289e+00 8.564092356687898189e+01
9.369369369369368883e+01 1.397473583856359802e+01 6.306306306306305842e+00 8.602526416143639665e+01
9.322033898305083710e+01 1.439306127343219188e+01 6.779661016949152241e+00 8.560693872656780457e+01
8.943089430894308123e+01 1.441416240409207106e+01 1.056910569105691167e+01 8.558583759590793250e+01
9.000000000000000000e+01 1.457019318497362015e+01 1.000000000000000000e+01 8.542980681502638163e+01
9.176029962546816421e+01 1.447749930492115666e+01 8.239700374531834015e+00 8.552250069507884689e+01
9.014084507042254302e+01 1.437018097559026941e+01 9.859154929577464088e+00 8.562981902440974125e+01
9.078341013824883987e+01 1.437374096456926154e+01 9.216589861751153023e+00 8.562625903543073491e+01
9.198113207547169168e+01 1.459073296738779568e+01 8.018867924528301216e+00 8.540926703261220609e+01
9.330357142857143060e+01 1.435641604307716612e+01 6.696428571428571175e+00 8.564358395692282500e+01
8.878923766816143370e+01 1.434818579364141300e+01 1.121076233183856630e+01 8.565181420635859411e+01
8.884615384615383959e+01 1.438964289904955685e+01 1.115384615384615508e+01 8.561035710095043783e+01
9.082568807339448824e+01 1.449837675192018338e+01 9.174311926605504652e+00 8.550162324807982372e+01
8.765432098765431590e+01 1.450883024308197378e+01 1.234567901234567877e+01 8.549116975691802622e+01
9.417475728155339709e+01 1.404899422425811650e+01 5.825242718446602019e+00 8.595100577574189060e+01
9.106382978723404165e+01 1.413299293948701596e+01 8.936170212765958354e+00 8.586700706051297516e+01
8.739130434782607892e+01 1.414357632695128153e+01 1.260869565217391219e+01 8.585642367304872380e+01
9.203539823008848941e+01 1.441585424324756382e+01 7.964601769911504370e+00 8.558414575675243441e+01
9.210526315789473983e+01 1.429190296156269646e+01 7.894736842105262831e+00 8.570809703843730176e+01
8.847736625514403386e+01 1.461310001605394326e+01 1.152263374485596792e+01 8.538689998394606562e+01
9.344978165938864834e+01 1.404549561937689006e+01 6.550218340611353440e+00 8.595450438062310639e+01
9.209302325581396076e+01 1.460474308300395130e+01 7.906976744186046346e+00 8.539525691699604693e+01
9.308755760368663346e+01 1.455897558259763080e+01 6.912442396313364767e+00 8.544102441740236031e+01
8.931623931623931867e+01 1.406101048617731131e+01 1.068376068376068311e+01 8.593898951382269047e+01
9.282511210762332610e+01 1.449815600586905617e+01 7.174887892376681897e+00 8.550184399413095093e+01
8.733624454148471727e+01 1.470541274149768363e+01 1.266375545851528273e+01 8.529458725850231815e+01
8.932806324110671881e+01 1.394944020255568162e+01 1.067193675889327942e+01 8.605055979744432193e+01
8.727915194346289240e+01 1.440128153784541531e+01 1.272084805653710049e+01 8.559871846215459357e+01
8.760330578512396471e+01 1.456781222462548975e+01 1.239669421487603351e+01 8.543218777537451558e+01
8.597560975609755474e+01 1.432148819461006362e+01 1.402439024390243993e+01 8.567851180538993106e+01
8.865546218487394015e+01 1.421642681084519211e+01 1.134453781512605097e+01 8.578357318915480789e+01
9.483568075117371166e+01 1.405178224495460171e+01 5.164319248826291009e+00 8.594821775504539119e+01
9.047619047619048160e+01 1.437741716837446759e+01 9.523809523809523725e+00 8.562258283162553596e+01
9.074889867841409341e+01 1.420398108784615943e+01 9.251101321585903037e+00 8.579601891215384057e+01
8.417266187050358894e+01 1.460660563777876320e+01 1.582733812949640217e+01 8.539339436222122970e+01
8.754578754578754740e+01 1.420106577586892627e+01 1.245421245421245438e+01 8.579893422413107373e+01
8.901098901098900740e+01 1.412897092608729999e+01 1.098901098901098905e+01 8.587102907391269468e+01
8.510638297872340274e+01 1.432755576953939958e+01 1.489361702127659548e+01 8.567244423046059865e+01
9.240506329113924266e+01 1.404994830191680677e+01 7.594936708860760000e+00 8.595005169808320034e+01
9.431279620853079848e+01 1.420311516677155517e+01 5.687203791469194414e+00 8.579688483322844661e+01
8.677685950413223281e+01 1.405153158902361099e+01 1.322314049586776896e+01 8.594846841097638901e+01
9.053497942386830744e+01 1.407776669990029816e+01 9.465020576131687235e+00 8.592223330009970539e+01
9.512195121951219789e+01 1.412443046651344680e+01 4.878048780487804770e+00 8.587556953348655497e+01
9.094827586206896797e+01 1.381618262220628601e+01 9.051724137931033809e+00 8.618381737779371576e+01
9.321266968325791424e+01 1.407110864481350632e+01 6.787330316742081315e+00 8.592889135518649368e+01
9.011406844106464575e+01 1.423584943080401466e+01 9.885931558935361352e+00 8.576415056919599067e+01
9.144144144144144093e+01 1.468166298453504659e+01 8.558558558558559071e+00 8.531833701546494808e+01
8.921161825726142069e+01 1.407105462974064025e+01 1.078838174273858996e+01 8.592894537025935620e+01
8.778625954198473380e+01 1.455348615090735542e+01 1.221374045801526620e+01 8.544651384909263925e+01
8.594377510040160928e+01 1.439788510101010210e+01 1.405622489959839427e+01 8.560211489898989612e+01
9.219512195121951947e+01 1.470493519040334895e+01 7.804878048780487632e+00 8.529506480959665282e+01
8.983739837398373140e+01 1.406980928391507746e+01 1.016260162601625971e+01 8.593019071608492254e+01
8.545454545454545325e+01 1.430506853681861656e+01 1.454545454545454497e+01 8.569493146318137633e+01
8.904109589041095774e+01 1.432407882785039988e+01 1.095890410958904049e+01 8.567592117214960012e+01
8.629629629629629051e+01 1.437587939698492434e+01 1.370370370370370416e+01 8.562412060301507211e+01
8.901960784313725128e+01 1.443923945990631097e+01 1.098039215686274517e+01 8.556076054009369614e+01
8.648648648648648418e+01 1.404451877513638358e+01 1.351351351351351404e+01 8.595548122486361819e+01
9.294605809128630369e+01 1.434879465351261096e+01 7.053941908713692754e+00 8.565120534648738726e+01
8.857142857142856940e+01 1.429657186287451509e+01 1.142857142857142883e+01 8.570342813712548491e+01
9.004329004329004249e+01 1.414709493445285027e+01 9.956709956709957510e+00 8.585290506554714796e+01
8.795620437956203830e+01 1.429874301122169911e+01 1.204379562043795637e+01 8.570125698877831155e+01
8.878923766816143370e+01 1.471747700394218050e+01 1.121076233183856630e+01 8.528252299605782127e+01
8.818565400843881719e+01 1.409182904083495558e+01 1.181434599156118104e+01 8.590817095916504798e+01
9.396551724137931672e+01 1.439738374411741262e+01 6.034482758620689502e+00 8.560261625588259449e+01
